-0.317808972300907,-0.822288453699261,-0.127007477651011,-0.36818394613175,0.061021681428587,0.338886642414664,-0.519683061938783,-0.369832324400943,-0.471024144353333,-0.334805642433414,-0.524336357322556,-0.0673931857833698,0.283337653528079,-0.504470113808585,-0.41620133638765,0.0970258115134734,0.170579059180028,0.102695202369184,0.0423823698570088,0.152970501832495,0.00406900879791059,-0.317589477920751,-0.0844797718800712,-0.36298824369572,-0.469096150749615,-0.777929147657164,-0.599449172750514,-0.390389962066402,-0.415500769388632,0.20952635000566,-0.210908476680846,-0.546735707132889,-0.235455911496771,0.384926328523056,-0.220228352380528,-0.865870843415422,0.262021381408331,-0.0634932099133266,0.40082207292055,-0.264828039804659,-0.842759599202856,-0.388922536057498,-0.424554387002965,-0.667998110070316,-0.235784999559731,-0.273428567906245,-0.517818728064873,-0.0644386057849788,-0.339175985069753,-0.246314132265147,0.426654652220689,-0.546135843258563,-0.625769991034237,-0.231821911411971,-0.380506238053212,-0.48381190887902,0.479836527946499,-0.366698212072126,-0.665443120966554,-0.952161059525598,0.097984190179271,-0.527554897318035,-0.600042086425593,-0.722545933482104,-0.14091001916463,-0.34776365455267,-0.397657649985214,-1.10697704429079,-0.663936951603101,0.166177940251398,-1.11732063132232,-0.147494579732742,-0.2576885971593,0.105274724464068,-0.570878192921397,0.0641483823755647,-0.103528560170052,0.345614826342658,-0.250668912614608,-0.0831365647741842,-0.735062357659195,-0.582925937377034,-0.153255235550522,-0.998229701511109,-0.209958823342717,-0.40836301331713,-0.448713176632725,-0.390942558490563,-0.828009789886321,-0.272766600950103,0.491009730201098,-0.559006047924083,-0.68380223360306,-0.377339242504373,-0.315295049989468,0.0549239573596589,0.288783931782922,-0.658186679148057,-0.771123427942422,0.217852833040203,-0.155503153190768,-0.424440338113443,-0.700408094987878,0.141389832235235,-0.450354548992094,-0.398432743185322,-0.285923970264032,-0.648821110968494,-0.510217873721497,0.387940575151518,-0.597171013179731,0.0792916090841804,-0.665552871391118,-0.340874605386883,-1.23094073851002,0.0768884338105677,-0.157725199601487,-0.589177147362979,-0.0566870328689398,-0.0629654211909568,0.483363264635373,-0.180691596668564,-0.552218874685928,-0.709909262144835,-0.480136887097081,-0.265861680047997,-0.727447730452459,0.180827327403031,-0.202021057016539,-0.0258481383004192,-1.00615023308609,-0.0418526312838854,-0.460919436122049,-0.726802342735327,0.340584746130068,0.00881776515740057,-0.154493130671681,-0.210578594602675,-0.69693729597488,-0.307753724515713,-0.286478804579678,-0.126233608833376,0.588350774367147,-0.36356231148108,-0.236853701483284,-0.413426923769788,-0.267703325395855,-0.380103859232829,-0.488761243840067,-0.0510168991922869,-0.298645599808324,0.232718612975063,-0.429099940764567,0.101484836147025,0.540244609629594,-0.280596244206985,-0.0441199864545028,0.168565394586816,-0.12522138023008,-0.594296327340487,0.0158170476939267,0.25924120935409,-0.639348975473441,0.529253902336637,-0.0118582317331702,0.0199204605535422,-0.209130880462965,-0.26375141285655,-0.206807355060528,-0.882683937333366,-0.218590460529985,0.194619498652904,-0.265803401807096,-0.0691476592043156,-0.270553877932264,-0.191921178490242,-0.413921510767053,-0.462089974956637,-0.205269150745612,-0.255461308169877,-0.548699976510496,-0.682918533449422,-0.575460569590013,-0.182384724358455,-0.185636313447065,-0.193320935525901,-0.124566395309071,-0.910704041097798,-0.0916798298242477,-0.94230541767006,-0.265155845528729,0.149579289231426,-0.489788257355399,-0.362625722425565,-0.745304428235145,-0.207816085430037,-0.866509861337084
-0.297555293138797,-0.783225487243914,-0.13397473835564,-0.36262445726025,0.0528288453868046,0.34109529776657,-0.496118171985318,-0.362896296030749,-0.459668149026483,-0.297709702303219,-0.494749987618797,-0.0626761870076354,0.274853588024997,-0.493020086240609,-0.409047389112877,0.0898241603377324,0.158580010333861,0.110627456425332,0.0283199926107776,0.14217838959421,0.000902549703491362,-0.301903082598878,-0.0785365510496842,-0.35956650446906,-0.450031766070065,-0.747295295992385,-0.586002782350812,-0.366404708697186,-0.387403350070888,0.189262413347294,-0.20150863712251,-0.517937281947554,-0.225841076388967,0.362791167098435,-0.213382990647527,-0.82955776921669,0.252094493205553,-0.0473197864492633,0.380699520512051,-0.249982140999966,-0.781183486786459,-0.373859174420238,-0.405529826738201,-0.63234050971157,-0.223083071666806,-0.271252682820302,-0.518686333640688,-0.0515030621392216,-0.309298366033538,-0.229980146279958,0.39513051316455,-0.530283948568712,-0.596602301751872,-0.22987326082878,-0.358464549569941,-0.461573059296468,0.44611183198549,-0.367783734496059,-0.628213051956877,-0.90159487347293,0.0928735594927266,-0.512353009492237,-0.572379530941772,-0.692605237052892,-0.123671568453756,-0.318862789686774,-0.378899120403182,-1.04693811544708,-0.628578587831553,0.15313430360112,-1.05362049218831,-0.160304419569732,-0.255925127947926,0.117639684337279,-0.560495538016867,0.0769172072910361,-0.0996706975156537,0.324346615593147,-0.23669602105031,-0.0843836000792409,-0.700691989405665,-0.548922846088526,-0.155180653879046,-0.951912012580363,-0.192893258613058,-0.381776114514295,-0.430594349389924,-0.38042734979278,-0.784256972748528,-0.267540420906923,0.456156806869095,-0.545880926714651,-0.649192370775967,-0.361383693178862,-0.300691790158592,0.0426788341834742,0.279974074858254,-0.630206196344952,-0.747671170574057,0.198930907154334,-0.152745828057677,-0.397703804192961,-0.665965401628113,0.139583648796484,-0.43567237986725,-0.38196567625987,-0.284381117356327,-0.611328611662488,-0.488393517761606,0.393522746551046,-0.581539928253587,0.0608346446416916,-0.637373059537111,-0.323614144015754,-1.18132907328167,0.0588878121954918,-0.163656192031823,-0.578121128971559,-0.0716748188556228,-0.0479256510473722,0.467430085036003,-0.173058726201169,-0.514247104243954,-0.682725040578359,-0.448734044203996,-0.258226957779428,-0.697550707553097,0.163654509123295,-0.187783101081945,-0.0360189040813945,-0.956942504515187,-0.0564885033446491,-0.453650456291981,-0.703406188473803,0.326237324678435,-6.21865240004503e-05,-0.154204581398361,-0.203908697415496,-0.670411270327323,-0.288411117709858,-0.279801806957599,-0.117687610360932,0.549508630766408,-0.362193034538678,-0.237567313132184,-0.38892069496961,-0.242113151362139,-0.373421413814184,-0.474352085912555,-0.0414921413694373,-0.299833263673886,0.213230706354337,-0.40207853357412,0.111714724540086,0.503129931247679,-0.2786564802567,-0.0457365135716904,0.16321448518221,-0.111029271537923,-0.574592084242586,0.014574406511396,0.248441461275705,-0.619044113393159,0.501172461896943,-0.0109910963905487,0.00757007328754675,-0.205334666064366,-0.245228423616657,-0.209247688319573,-0.840977349989827,-0.199757243071595,0.188116915608258,-0.269013813188691,-0.071858403940198,-0.270990521839788,-0.204375047753051,-0.385366484286014,-0.440868845353084,-0.214980473502264,-0.240219001358203,-0.523065998756702,-0.670157832306023,-0.546316217182999,-0.15939320067986,-0.175725828028013,-0.193936353037936,-0.122025984148434,-0.876703242356022,-0.0883625864357137,-0.906192981545681,-0.256352446044029,0.131637363795716,-0.469603171570712,-0.363683457283717,-0.713134923231179,-0.214558252174086,-0.819171023345747
-0.275614495819285,-0.740041774385639,-0.140383248183329,-0.355366075037043,0.0442814525848849,0.341764905684638,-0.469929608483487,-0.354226309643281,-0.446104050726497,-0.258686058166311,-0.462488905416578,-0.057630247028165,0.265030692741302,-0.479246967404076,-0.400017935958381,0.0821203652766029,0.145735670999178,0.118206360652575,0.013871478907216,0.130585839267999,-0.00233834213864683,-0.284571874327138,-0.0721473251443485,-0.354487992744991,-0.428681390446951,-0.712843474221461,-0.569756855826144,-0.340350967347621,-0.35717320752563,0.167831363678634,-0.191050679891352,-0.486421475056569,-0.215070816940419,0.338698914976515,-0.205465962215306,-0.788963844884615,0.240879549498228,-0.0306582658804378,0.358573681214498,-0.233790003461394,-0.715105203666275,-0.356902220030583,-0.384367650115952,-0.593334679969999,-0.20920232795588,-0.267794860725303,-0.517274165920638,-0.0381221827897161,-0.277544977289016,-0.212354605174419,0.361354667276515,-0.511853995168911,-0.564310820598233,-0.226864672375659,-0.334449767682649,-0.43695126997599,0.409826486639908,-0.36725920635772,-0.587600095082931,-0.846206697056366,0.0872921818263749,-0.494654875618298,-0.541755909022086,-0.659105783854369,-0.105568672672131,-0.28804751945011,-0.35816262255724,-0.981296652237296,-0.589904171420793,0.139190953442804,-0.984194775442306,-0.172623185355914,-0.253042759344248,0.129659780970723,-0.547477472955109,0.0896219404880206,-0.0953063290534918,0.301225970871077,-0.221441033071828,-0.0852679520155914,-0.662665389478736,-0.511967015524211,-0.15649188400088,-0.900605872870207,-0.17469109445271,-0.353093982123916,-0.410242513693106,-0.368070024309042,-0.736334715295272,-0.261087320960146,0.418694610185791,-0.530116919967401,-0.611134601616073,-0.343543678807629,-0.284538955110915,0.0300322415648023,0.269792413439315,-0.598985692223296,-0.720569551730744,0.178803204611628,-0.149310425021176,-0.368742516381331,-0.628050463338983,0.137096639888608,-0.418849873168886,-0.363519868406303,-0.281612821246533,-0.570464817402809,-0.464054007587084,0.397447950208487,-0.563118577913458,0.0418080181838948,-0.605868390190835,-0.304651792597766,-1.12568248964773,0.0403535508251598,-0.168971659130567,-0.56434733914102,-0.0865641242411721,-0.0324308448088746,0.44914860909869,-0.164571566821202,-0.473347182780146,-0.652052391799475,-0.414758450419317,-0.249310460154359,-0.664113514229709,0.14551629616971,-0.172506663572099,-0.0461350693509525,-0.902706934572481,-0.0710960442418579,-0.444293725847402,-0.676560948335707,0.310198165615188,-0.00908033058497187,-0.153236136982318,-0.19619813638354,-0.640527856834906,-0.267429443862686,-0.271758268278405,-0.108445372217444,0.507484019749013,-0.359246631966221,-0.237261714758704,-0.362273022798607,-0.215030714876035,-0.365004369346553,-0.457622624864447,-0.031658156400277,-0.299715177684062,0.192519388759341,-0.372831333309571,0.12160265348884,0.463121241214017,-0.27548206083741,-0.0471346757584063,0.157057214024673,-0.0961008990254284,-0.552055828442431,0.013299540250139,0.236415505195191,-0.595647572802268,0.47042472846839,-0.0100473031894185,-0.00504739485704044,-0.200545950496713,-0.225312589329849,-0.210815064275477,-0.794846650608589,-0.179734560391413,0.180710596713464,-0.271095840193922,-0.0743407628261704,-0.270257046002064,-0.216124382838774,-0.354598160502905,-0.417339199110226,-0.22393330318766,-0.223734776150356,-0.494697669448404,-0.654194000273382,-0.51424490503626,-0.135295403744144,-0.16491655802866,-0.193783777787528,-0.118927330626586,-0.838251797732889,-0.0846293555348061,-0.865516951807332,-0.246306687858018,0.112774681960569,-0.446998753552859,-0.363146675483403,-0.677275323647279,-0.220507824734715,-0.767446388373223
-0.253572830248187,-0.696718579715033,-0.146550572638623,-0.348030764442196,0.0357531243723111,0.342184402419113,-0.44358788298432,-0.345449404745633,-0.432487709164991,-0.219684209507424,-0.430178143666843,-0.0526505030835289,0.255192008745044,-0.465484660773719,-0.391006064416281,0.0744523969947287,0.133000040512108,0.12575212312601,-0.000618841591870197,0.118995774805188,-0.00561442661840166,-0.267084628659585,-0.0657511643582325,-0.349300720051158,-0.407303163337433,-0.6782662516205,-0.553436314304903,-0.314135217757788,-0.327021151431775,0.146398341905302,-0.180542379814725,-0.454953641951754,-0.204272744953855,0.314605724193856,-0.19747931392638,-0.748214363326112,0.229604070102136,-0.0139968722979869,0.336436425017797,-0.217579385160253,-0.64890081439342,-0.339900227733453,-0.363082419792773,-0.554330845541517,-0.195335566865745,-0.264166334027136,-0.515744347446924,-0.0247480023427129,-0.24575151817525,-0.194701048767099,0.327593542518465,-0.493402241553197,-0.531907693450532,-0.223775975953432,-0.310344534722031,-0.412312273911184,0.373425679745881,-0.366636197901737,-0.546928317575561,-0.790717105465083,0.0817704458853274,-0.476906323635946,-0.511096792023663,-0.625501913718592,-0.0873907806898542,-0.257141959386343,-0.337397302668289,-0.915567129315693,-0.551271593011925,0.125233846569578,-0.9146151133445,-0.184890703434608,-0.250183702293103,0.141565904448535,-0.534383856040755,0.102427981452072,-0.0909093050871914,0.277939302821272,-0.206152652566425,-0.0860976306184622,-0.62456358744021,-0.475037693252422,-0.15786083894941,-0.849146557942389,-0.156473490085589,-0.324443005585585,-0.389752367274696,-0.355675203757462,-0.68836793703838,-0.254688538534693,0.381150444083026,-0.51421747048295,-0.572975931813993,-0.325598437300201,-0.268391275662651,0.0173794605044512,0.259574295787719,-0.567684577288769,-0.693443852032352,0.15865309363874,-0.145948214373376,-0.339687870289204,-0.590137292596887,0.134497531004983,-0.402012270814366,-0.344977849149194,-0.278907486953318,-0.529431651336103,-0.439660041070647,0.401238877022728,-0.544668451269599,0.0228167252626457,-0.574158294922903,-0.285678244901157,-1.06987516625358,0.0218876721371656,-0.174264704253302,-0.550510139074408,-0.101319063541202,-0.0169633767144622,0.430750596294746,-0.156156026665392,-0.432339776438094,-0.621226264515324,-0.380587049876529,-0.240315359448341,-0.630658345066229,0.127460326626104,-0.157287575074813,-0.0560827473763566,-0.848385135826057,-0.0856112406491422,-0.434938367244036,-0.64969545304088,0.294084807415421,-0.0180617157965425,-0.152262592565692,-0.188370284125366,-0.610638204200879,-0.246321471480899,-0.263613116183209,-0.0991256760775038,0.465148678740544,-0.356315386211069,-0.236952713356084,-0.335544400610138,-0.187948631791222,-0.356568583897378,-0.440854406410161,-0.0219089098220528,-0.29952676678249,0.171899779676191,-0.343556073641777,0.131398077333691,0.422933313158719,-0.272309889214186,-0.0484267237719688,0.150872889718687,-0.0811595042974754,-0.529502415258484,0.0121435070863956,0.224469661057483,-0.572091758585259,0.439650015185939,-0.00906941685503194,-0.0177131520725647,-0.195654700660843,-0.205361552476653,-0.212337317899748,-0.748569962899581,-0.159719455492792,0.173330434885691,-0.273121073062573,-0.0769029107659001,-0.269503479896948,-0.227789324499442,-0.323720581012893,-0.393730229347365,-0.23289711034005,-0.207391732722491,-0.466246805073922,-0.638027901941022,-0.482021801308972,-0.111163361418065,-0.154179334568296,-0.193777911753962,-0.115852587235915,-0.79961930970511,-0.0809485895232431,-0.824788961913427,-0.236311950747949,0.0938227800210509,-0.424300067586041,-0.362507271779721,-0.64130630985245,-0.226490991180304,-0.715661992190695
-0.231475188729232,-0.65336113526575,-0.152301306884944,-0.340660623684309,0.0272488997562526,0.342217693414847,-0.417129709501366,-0.336567895531684,-0.418911087601271,-0.180852875847726,-0.397929238027626,-0.0478325477209131,0.245395652620586,-0.451868122365772,-0.382089109712082,0.066898405888913,0.120501350019151,0.133257687281164,-0.0151639846151104,0.107456347384169,-0.00895175349735273,-0.24940887511565,-0.0593662476080429,-0.344001996339625,-0.385986666186443,-0.643694464514058,-0.537143961898358,-0.287732471148261,-0.297152958241441,0.125013092906148,-0.170007318378916,-0.423717210888068,-0.193487901780895,0.290638894837711,-0.189428966620466,-0.707417670230344,0.218288556422239,0.00263738962537728,0.314408868228174,-0.201413887386036,-0.582741290058022,-0.322912171495913,-0.341699932571016,-0.515503755084586,-0.181557362985959,-0.260292766858095,-0.514144344979619,-0.0114154073080567,-0.214001143916307,-0.177083604770363,0.294012573087378,-0.475061355020447,-0.499428040607045,-0.220589993098017,-0.286199772253525,-0.387754264676224,0.3369464032771,-0.365915654160629,-0.506332086294924,-0.735334855155545,0.0764029241927029,-0.459184134291255,-0.480506507343345,-0.591910470556407,-0.0691141587275733,-0.226158576169552,-0.316695790448261,-0.849984752927368,-0.51291008135506,0.11132839554122,-0.845070546626077,-0.197084467051872,-0.247394761811557,0.153296833993948,-0.521305234910962,0.115411266074403,-0.0864499265502962,0.254497347499098,-0.19088104574483,-0.0868272852301926,-0.586530940587277,-0.438328626420047,-0.159376904956434,-0.797710588508948,-0.138285766735615,-0.295944364082105,-0.369123524865627,-0.343314168376693,-0.640557010198781,-0.248475881438809,0.343592697027046,-0.498201651519633,-0.534820156272715,-0.307572692106863,-0.25233598702735,0.00474617564267026,0.2493403947593,-0.53640258934226,-0.666486463360099,0.138561576424869,-0.14276294854612,-0.310601767503285,-0.552422940140036,0.131724835666956,-0.385251613595147,-0.326372781949627,-0.276376442108979,-0.488293076271717,-0.415318748895792,0.404862827172132,-0.526297928525043,0.00392360831441702,-0.54223256895614,-0.266770738442968,-1.01411168444273,0.00356211198807784,-0.179569178174948,-0.536710603127434,-0.115791361564349,-0.00156853058048481,0.412280855156084,-0.147940569347185,-0.391303058701028,-0.590312103389358,-0.346221939696387,-0.23124857489236,-0.597362428859413,0.109590684972363,-0.142253303090334,-0.0657398143575745,-0.794185428442118,-0.0999611537858254,-0.425706284618265,-0.622964418487219,0.277938002777386,-0.0269643008440206,-0.151344348516847,-0.180359065558324,-0.58091834842968,-0.22508762789049,-0.255343659565141,-0.0897296859472989,0.422417895018696,-0.35349426606689,-0.23671360366987,-0.308790755836516,-0.160958152829009,-0.348190046123841,-0.424165316282497,-0.012333276487563,-0.299292465563035,0.151528845471172,-0.314378882454978,0.141042727562232,0.382580680541575,-0.269202739209362,-0.049554307277688,0.144668022520156,-0.0662584062380441,-0.507073290936853,0.0111994063336404,0.21273765165151,-0.548398312570309,0.408981786369922,-0.00803286063465582,-0.0304532951016221,-0.190616435476736,-0.185421301713938,-0.213806287651135,-0.702287783864031,-0.139793697304593,0.166007046024809,-0.275096411766179,-0.0796226548874283,-0.268773711831294,-0.239351865535689,-0.29279583560908,-0.370115092560759,-0.241936669183448,-0.191384316212847,-0.437765784428559,-0.621668133400313,-0.449663093710489,-0.0870502708103077,-0.143614093531691,-0.194104453059569,-0.112840849385973,-0.760886985464173,-0.0773827927083839,-0.784221287591938,-0.226491875301571,0.0747649572415554,-0.401563103470293,-0.361770095553617,-0.605361147090789,-0.232563044247274,-0.664011249425911
-0.209353997006991,-0.60994122087759,-0.157427007278479,-0.333249109756267,0.018741052406718,0.341655462724025,-0.390515311008919,-0.327512855590298,-0.405407564839914,-0.142311229431844,-0.36576801128872,-0.0432962546381681,0.235668804408472,-0.438469914548283,-0.373241495412604,0.0595427315771905,0.10833430639416,0.140705292306263,-0.029798731657152,0.0959988033266139,-0.0123921023583828,-0.231460742169244,-0.0529951414650719,-0.338548727177212,-0.36472822560973,-0.609180723618383,-0.520903632944589,-0.261041615620332,-0.267748335157187,0.10368339728012,-0.159436305194779,-0.392802465221835,-0.182717790425581,0.266893603175,-0.181291056094388,-0.666553968418923,0.206907262302189,0.0192441500800448,0.292570798439108,-0.18532811770885,-0.516720989405855,-0.305929594355959,-0.320183803458227,-0.476919467272979,-0.167900198420219,-0.256044472448108,-0.512462792354159,0.00184501079800321,-0.182334363258803,-0.159556457193974,0.260765856699011,-0.456893193571614,-0.466760295980085,-0.217235262958425,-0.26202601781947,-0.363290343725287,0.300333395509559,-0.365040209073861,-0.465861445567102,-0.680159082360001,0.0712750665778269,-0.441458772636245,-0.44997804786169,-0.558344449462088,-0.0506752485291385,-0.195036733876663,-0.296092663186346,-0.784623919735649,-0.474950585297706,0.097533181211994,-0.775574611551443,-0.209151805066288,-0.244661972155962,0.164783418526551,-0.50826222108787,0.128634274022153,-0.0818428329023511,0.230886285650259,-0.175639533813567,-0.0873649222199945,-0.548612159561636,-0.401956724446574,-0.16111663164055,-0.74635068260787,-0.120125241749664,-0.267630777805151,-0.348266401738781,-0.331005712325528,-0.592983584085558,-0.242573313913186,0.306007638132332,-0.482005684602128,-0.49666843463505,-0.28944458661787,-0.236423069073354,-0.00784195153110958,0.239047510006607,-0.505135288069822,-0.639800640090757,0.118597656453675,-0.139850557792486,-0.281501980582044,-0.515032365930568,0.128679014980811,-0.368589861221433,-0.307674338106253,-0.274099332814349,-0.447010183153495,-0.391075375410379,0.408214136279725,-0.508020776563945,-0.0148221028105884,-0.509959222057174,-0.247954077088523,-0.958421298117692,-0.0145667088232923,-0.184937005954616,-0.522967590308069,-0.129770931608697,0.0137105814469125,0.393721728405616,-0.140052348262615,-0.350242013733156,-0.559256782212857,-0.311605081421475,-0.22207865172714,-0.564290495370181,0.0919836055617762,-0.127533035998434,-0.0749812582386405,-0.740158954710042,-0.114072815562054,-0.416652595257469,-0.596409242013973,0.261761421677736,-0.0357364045703061,-0.150541409300641,-0.172043474704208,-0.551444416121516,-0.20369203839108,-0.246857123432076,-0.0802603921647456,0.379094428283003,-0.350860830522684,-0.23660956034667,-0.282012710748943,-0.134122116780372,-0.339901533878565,-0.407628242106655,-0.00301868286791651,-0.29901683373747,0.131545014413825,-0.28537469787191,0.150472769900921,0.342010200114002,-0.266179328178289,-0.0504715201949412,0.138401879632553,-0.0514604089458681,-0.484823089400055,0.0105572122126524,0.201327438350318,-0.524468346732748,0.378480726020321,-0.0069131436320224,-0.0432987708116389,-0.185348550008328,-0.16552417081097,-0.215193492168337,-0.656022929754667,-0.120013973883087,0.158715843508974,-0.276983235361712,-0.0825713767932053,-0.268079673522349,-0.250785699722448,-0.261856711881131,-0.346513532531644,-0.251100934985586,-0.175904815202808,-0.409192999712365,-0.605018321558741,-0.41706985943824,-0.0630063341443411,-0.133284364600772,-0.194962099956209,-0.109903879210398,-0.721994169548673,-0.0739816665346922,-0.743911349354997,-0.216942788094378,0.0555525479318755,-0.37876906655743,-0.360909545114555,-0.569487253884921,-0.238726348149277,-0.612569682788841
-0.187276270967778,-0.56642797002945,-0.161752118752035,-0.325778987920589,0.0101841977160341,0.340300706197993,-0.363708398582418,-0.31819855839373,-0.392000040679049,-0.104192018973238,-0.333696413611154,-0.0391861516805979,0.226044180028902,-0.425369652834949,-0.364383428703785,0.0524698279910338,0.0965492316626246,0.148070732220017,-0.044568293243448,0.0846581525686652,-0.0159933538010664,-0.21316653075908,-0.0466386890602546,-0.332940878682172,-0.343491441517242,-0.574823311391049,-0.504739148316289,-0.233965371254299,-0.239001473906759,0.0824123142808855,-0.148821735812791,-0.362262444674514,-0.171954776849781,0.243492256829324,-0.173046409781697,-0.625614025996076,0.195430170295212,0.0358308743991098,0.270992320471128,-0.169374821153282,-0.451030892818253,-0.28892075416388,-0.298503258311792,-0.438620616752385,-0.154377502294616,-0.251290849121967,-0.510685964532327,0.0149959895781079,-0.150798436965816,-0.142214368433271,0.228054989438264,-0.438955813450302,-0.433768301683071,-0.213618496156568,-0.237856358973867,-0.338923374285318,0.263507867128816,-0.363950735906386,-0.425597358165082,-0.625320645381202,0.0664448952386849,-0.423660118803831,-0.419481777483565,-0.5248163794699,-0.0320056433959702,-0.163720136267945,-0.275612732295264,-0.719554479955537,-0.437477968344128,0.083894232081341,-0.706137163651808,-0.221032167489873,-0.241958240869774,0.175958753765463,-0.495291399830202,0.142120878920637,-0.0769750043586384,0.207122193473162,-0.160445714395745,-0.0875760646828602,-0.510858378287167,-0.366027111995109,-0.163142622971648,-0.695135916178657,-0.101968610467319,-0.239495341589571,-0.327072809361671,-0.318773264154932,-0.545720044076224,-0.237119175769328,0.268383943106765,-0.465588697817471,-0.458530249591194,-0.271205103501759,-0.22072433566551,-0.0203452814758417,0.228632410206482,-0.473879425003216,-0.613502560982798,0.0988215596360319,-0.137322862683725,-0.252434355512264,-0.478117344273637,0.125242726536671,-0.352051388329881,-0.288849737319169,-0.272160181903929,-0.405543291062684,-0.366985507550433,0.411170013856522,-0.4898479810372,-0.0333729375415268,-0.477215468175152,-0.229264687156199,-0.902840501924129,-0.0324491440286075,-0.190471974064582,-0.509300992110612,-0.143020089924196,0.028809895905014,0.375068321595204,-0.132617317825334,-0.309195052143548,-0.527996294369252,-0.276711577201367,-0.212780293876562,-0.531474605775105,0.0747180581316928,-0.113266533370655,-0.0837022180088781,-0.686340213294811,-0.127889905250645,-0.407809635107402,-0.570058376849463,0.245585223360697,-0.0443196407881524,-0.149920385040269,-0.163315474285803,-0.522264331857361,-0.182121847091092,-0.238039634062561,-0.070751344839714,0.335012080381086,-0.348540350393956,-0.236721631838607,-0.255226221106517,-0.107523553578677,-0.331746417551097,-0.39132385515641,0.00594635264247377,-0.298743097781157,0.112071096596921,-0.256612520412159,0.159639801638309,0.301228064392891,-0.263248939216759,-0.0511752300722984,0.132007293962536,-0.0368518115557483,-0.462796251502104,0.010285644369584,0.19034473125121,-0.500192038579432,0.348184292541556,-0.00569811755817097,-0.0562705846695606,-0.179791515643432,-0.145763200376025,-0.216501226176127,-0.609811620424274,-0.100437837024179,0.151400423779888,-0.278730802172296,-0.0857905432917649,-0.267451996463483,-0.26208740416611,-0.230973641944905,-0.322960582199349,-0.260426734355504,-0.161154333192427,-0.380450805200054,-0.587989770096947,-0.38412497561601,-0.0391151937311462,-0.123218104607222,-0.196552520916288,-0.107038964803112,-0.682895811580299,-0.0707822274975647,-0.703983039107789,-0.207748874718242,0.0361343519067346,-0.35589143600274,-0.359941668349542,-0.533754833007037,-0.244930883608861,-0.561420548343826
-0.165334111443634,-0.52279862925901,-0.16517799656216,-0.318203873726736,0.00152476991484659,0.337994241550266,-0.336681138510697,-0.308529872757076,-0.378681269127362,-0.0666309727117004,-0.301692679372136,-0.0356536172281234,0.216543271645748,-0.412654433278204,-0.35540291567578,0.045745205487269,0.0851330005633535,0.15530830396438,-0.0595163127741119,0.0734655369576149,-0.0198099639475447,-0.194468027547076,-0.0402957786657152,-0.327233271647441,-0.322215208238048,-0.540747405067672,-0.488668865390941,-0.206428647129428,-0.211095615171392,0.0612035390482403,-0.13817078321561,-0.33211422908401,-0.161182588912587,0.22058664400196,-0.164673402991717,-0.584612613199485,0.183832375008698,0.0523829048625018,0.249700189350459,-0.153634794167498,-0.385986955866685,-0.271817524208906,-0.276635720387974,-0.400616844872876,-0.140983587554585,-0.245912321981728,-0.508769336690843,0.0279975046464506,-0.119436457865164,-0.125198440689142,0.196095298561106,-0.421292484318978,-0.400342590770925,-0.209630784314777,-0.213745207473489,-0.314662962846037,0.22636078819011,-0.36258868342004,-0.385660464440639,-0.570975643723565,0.0619280821070979,-0.40567687427813,-0.388969449886105,-0.491335260525506,-0.0130438496423933,-0.132178017506021,-0.255264010751175,-0.65483332562067,-0.400506870090416,0.0704102578341503,-0.636774886619359,-0.232664246922094,-0.239262995017415,0.186745452405565,-0.482447694148753,0.155838509584892,-0.0717385492981219,0.183253532078807,-0.145335042095854,-0.0872896877649996,-0.473331597726309,-0.330632163160684,-0.165493143039364,-0.644137794914623,-0.0837863151204735,-0.211497501363442,-0.305418203767743,-0.306646999005078,-0.498826061414628,-0.232244059797796,0.230717043268388,-0.448946866796677,-0.420434535456121,-0.252842042363974,-0.2053490491387,-0.032704181888689,0.218017986103123,-0.442637113317916,-0.587710079940149,0.0792429206210329,-0.13532577431167,-0.22347616578604,-0.441833372020206,0.121280237370427,-0.335672122128861,-0.269866088782684,-0.270649287821998,-0.363859745822211,-0.343120139034384,0.413594668393461,-0.471794732348913,-0.0516702586423097,-0.443901554437743,-0.210767158572903,-0.847410780716823,-0.0500530857679395,-0.196316418297212,-0.495742500770944,-0.155309585065718,0.0436246112321464,0.356331710873311,-0.125745739741326,-0.268245855284801,-0.496468098888416,-0.241555626257206,-0.203336794424535,-0.498895680919199,0.0578836771078939,-0.0995655535260889,-0.0918307221359555,-0.632756571693725,-0.141371182198979,-0.399188561739882,-0.54392269153055,0.22947150531199,-0.0526613757693697,-0.149549620305245,-0.154113240036728,-0.493369804634677,-0.160382108597205,-0.228773552610582,-0.0612722344774815,0.290080643639523,-0.346687588407173,-0.237135825204752,-0.228455202418505,-0.0812743645190125,-0.323763904776201,-0.375309311305283,0.0144649776825171,-0.298557307760105,0.0931898394667565,-0.228153023022806,0.168500518633311,0.260317789691832,-0.260423244883385,-0.0517120250585131,0.125409600007959,-0.0225141845452437,-0.44103147130676,0.010424491472519,0.179877099013058,-0.475481284178916,0.318067788205685,-0.00438881292383286,-0.0693810737528547,-0.173936368337685,-0.126304975175849,-0.217761680742043,-0.563696180594828,-0.0811186675632723,0.143960458268912,-0.2802701316625,-0.0892642070264009,-0.266955966195982,-0.27326701060813,-0.20022757546827,-0.299499054581652,-0.269921522365963,-0.147304020225822,-0.351474035275804,-0.570501991768393,-0.350711744201289,-0.0154891054562088,-0.113389110499051,-0.199047801359447,-0.104240228567619,-0.643587619728121,-0.0677948537958626,-0.664579022222768,-0.198972099000624,0.0164683846106449,-0.332881215322544,-0.358917338433055,-0.498242273732728,-0.251070200946832,-0.510647018589294
-0.143654615232357,-0.479041150024527,-0.167699665921276,-0.31043886824253,-0.00729097885529822,0.334616083688713,-0.309417422916239,-0.298408049723295,-0.365402404669899,-0.0297601924366359,-0.269731401927374,-0.0328355449643074,0.207159991708565,-0.400408081778649,-0.346193461956041,0.0394089055422098,0.0740237244358511,0.16233969005287,-0.0746596467841834,0.0624360200936834,-0.0238581320670778,-0.175320904909111,-0.0339579530953961,-0.32151003802859,-0.300818159437087,-0.507058233654037,-0.472693085964001,-0.17839408832308,-0.184175084899625,0.0400578680894302,-0.127526267827791,-0.302354758780534,-0.150382040759379,0.198350113096515,-0.156145833306477,-0.543591404886516,0.172102485919755,0.0688384219484379,0.228663064735315,-0.138215539595495,-0.322026582993095,-0.254505161914153,-0.254568146138861,-0.362877803684598,-0.127700851812302,-0.239807452352132,-0.506608562714726,0.040808245932227,-0.0882811513083203,-0.108679534560663,0.165068113790657,-0.403911859757916,-0.3664301428741,-0.205155586736439,-0.1897553900735,-0.290533795101307,0.18876908822128,-0.360889623038074,-0.346202921532348,-0.51729035620328,0.0577017714367467,-0.387352382413191,-0.358378269490255,-0.457897045546849,0.00624637104115888,-0.100416821083754,-0.235032765692069,-0.590501653549561,-0.363991085659115,0.0570237674100517,-0.567523068059442,-0.243987369033498,-0.236566359046058,0.197046716010785,-0.46978842117856,0.169693472347914,-0.0660707109329926,0.159374074782007,-0.130362119129241,-0.0863259814290721,-0.436109470962014,-0.295871122807967,-0.168175914204833,-0.593418411481913,-0.0655646314368768,-0.183577712347105,-0.283164241902427,-0.294661136951922,-0.452352483454507,-0.228046713215839,0.193011059129003,-0.432107344391477,-0.382439307049744,-0.234324459511463,-0.190441308347309,-0.0448363150002573,0.207125311598269,-0.411408034400907,-0.56252173043556,0.0598033995440469,-0.13403753172701,-0.194734073618917,-0.406300040181227,0.116654138671325,-0.319493182705266,-0.250689767580013,-0.269653047666605,-0.321940050596053,-0.319572012620497,0.415342306929647,-0.453874529391121,-0.0696158424901467,-0.40992478963039,-0.192559814189532,-0.792159990565351,-0.0673726414110108,-0.202608000183341,-0.482333193836321,-0.166439922620699,0.0579833254092722,0.337543267914203,-0.119535454013113,-0.227523395502968,-0.464618953653614,-0.206186505090492,-0.193744384669997,-0.466481244200878,0.0415849491213282,-0.086474821169594,-0.0993223557451086,-0.579425474151102,-0.154463681135274,-0.390794152037212,-0.51798146450521,0.213500643793676,-0.0607199186604,-0.149500228225058,-0.144428254235829,-0.464683823225581,-0.138479002122229,-0.218953140266888,-0.0519222342864032,0.24431048182634,-0.345432546134209,-0.237928214910189,-0.201713170988121,-0.0555133926447433,-0.315963090387012,-0.359590550220078,0.0224234922416051,-0.298560608915464,0.0749462427813285,-0.200065633652403,0.177002562601901,0.219425796660197,-0.257730627183617,-0.0521640016507901,0.118562786647602,-0.00849780536154427,-0.41956011683864,0.0109879102358727,0.169976090355543,-0.45029054252589,0.288027123715686,-0.00299064026932869,-0.0826324239374653,-0.167832186218727,-0.107367761727391,-0.219012202619772,-0.517713343599044,-0.0621039332238627,0.136247303911282,-0.281505877465004,-0.0929142932926013,-0.266684964150951,-0.284319221674701,-0.16967196230304,-0.276168957693233,-0.279550537187964,-0.134465079082313,-0.322229379884537,-0.552469566506059,-0.316732998773681,0.00774047651462987,-0.103716139152339,-0.202576709012317,-0.1015210444772,-0.604120483905724,-0.064988630950619,-0.625827522198865,-0.190655611473751,-0.00345973621311889,-0.309649737862042,-0.357887388758439,-0.463009157766602,-0.256993211472575,-0.460322183463976
-0.122408716154712,-0.435152246629202,-0.169390754650116,-0.302372357209369,-0.0163140960713123,0.33007868410198,-0.281917813889398,-0.287732990740264,-0.352072754231305,0.00629613565909864,-0.237811355328406,-0.0308357566871392,0.197856558521328,-0.388697280762407,-0.336679333517199,0.0334768340488518,0.0631440880383362,0.169050599118848,-0.0899641390515218,0.051560731904891,-0.0280935557423334,-0.155689189452216,-0.027606334798353,-0.31584257266292,-0.279196011367393,-0.473805367891405,-0.456783603972086,-0.149877864613332,-0.158317281823017,0.0189675311459749,-0.116980314388838,-0.272973233184041,-0.139539747489995,0.176963527346212,-0.147441276180908,-0.502608427951917,0.160249287438728,0.0850925093273224,0.207802734386558,-0.123237861478668,-0.259676277889425,-0.236814532194585,-0.232295877652942,-0.325336936782963,-0.114503730004651,-0.232897929286227,-0.504028585482454,0.0533842549457419,-0.057360336608807,-0.092822857221026,0.135083891144528,-0.386772300354515,-0.332033666288896,-0.200077246671003,-0.165934967574793,-0.266561762424485,0.150634698785715,-0.358776812974763,-0.307382706574724,-0.464422307526142,0.0537174656470851,-0.368480423872039,-0.327636207431617,-0.424472977615786,0.0258502066152659,-0.0684864463951513,-0.214880451268157,-0.526588926602487,-0.32784810022104,0.0436367097739202,-0.498443178900502,-0.254940740525462,-0.233862558344164,0.206759090470768,-0.457350155526332,0.183528635043108,-0.0599863308100893,0.135625607790422,-0.115579805788338,-0.0845313179111414,-0.399278345730733,-0.261858404445636,-0.171158018236655,-0.543027407460839,-0.0473116323336178,-0.155676286751057,-0.260170256989525,-0.282848360129151,-0.406348338438621,-0.224576847658022,0.155288575405343,-0.415110875374648,-0.344633878238704,-0.21560648548668,-0.176153143016116,-0.0566500372238016,0.19589175400099,-0.380182759054664,-0.537996909174221,0.0403995823970654,-0.133632564966823,-0.166325912838916,-0.371563914953491,0.111254622549662,-0.303548682050527,-0.231286129064862,-0.269235452970326,-0.279781382442285,-0.296444960688017,0.416255218542276,-0.436088066668543,-0.087057415262886,-0.375181161356439,-0.174769533631989,-0.737082729368295,-0.084422461214545,-0.209434048654427,-0.46910406923809,-0.176255987067498,0.0716410333805119,0.318763397608373,-0.114079338855737,-0.187203011207518,-0.432398817352205,-0.17068330465033,-0.184018242711855,-0.434119212675995,0.0259368301198329,-0.0739558497627526,-0.106141871676379,-0.526328658031361,-0.167071762081206,-0.38263287496817,-0.492168783981131,0.197743378341413,-0.0684607831977808,-0.149837852345858,-0.13429184163062,-0.436064297139056,-0.116405555749576,-0.208492493103214,-0.0428093981107334,0.19782515002846,-0.344833800853156,-0.239150498475602,-0.174994416408871,-0.0303921024859953,-0.30831051202058,-0.344120293316557,0.0296905635815041,-0.298824412560863,0.0573671666652575,-0.172441874244366,0.185083965364872,0.178741032293487,-0.255213062818397,-0.0526208273549617,0.111467307990988,0.00518331392903597,-0.398390974231009,0.0119760470311244,0.160650570945284,-0.424608005876113,0.25789643325016,-0.0015027000008144,-0.096009753959091,-0.161575550562733,-0.0891814241664053,-0.220267290422194,-0.471885914914089,-0.0434366955663579,0.128074983687368,-0.282313686469716,-0.0966173684020449,-0.266733172106539,-0.295200509073793,-0.139317095475098,-0.253004171274113,-0.289227632433902,-0.122686171258662,-0.292720879375363,-0.533800647279677,-0.282113255094379,0.030432491965393,-0.0940759973356406,-0.207233587466122,-0.0989261178691217,-0.564602779491456,-0.0622810837777888,-0.587804995142663,-0.182826276370845,-0.0236275350480398,-0.286064421420273,-0.356873637379203,-0.428069327564348,-0.262520678241716,-0.410502094186383
-0.101784552914679,-0.391143279446788,-0.170378893018516,-0.293895471487465,-0.0255931297334653,0.324325222457384,-0.254207576048853,-0.276402758652354,-0.338566848548784,0.0414197235004398,-0.205981434776825,-0.0297127939616134,0.188564325822196,-0.377568132082033,-0.32681192025573,0.0279410060617804,0.0524195054704212,0.17528777408867,-0.105343379151646,0.0408071014882091,-0.0324200996152842,-0.135544772674832,-0.0212217661606912,-0.310266846696615,-0.257223383368908,-0.440988163237393,-0.440891638706378,-0.120956005847555,-0.133513975389467,-0.0020746667458735,-0.106661253860371,-0.243958539996172,-0.128650370096153,0.156601056246715,-0.13854099128629,-0.461716720959438,0.148306834304501,0.101023510989971,0.187015469814728,-0.108834179415928,-0.199520540610628,-0.218528448972731,-0.209821575820752,-0.287911948880023,-0.101353653098288,-0.225131976714272,-0.50079997846673,0.0656816547624703,-0.0267076514032399,-0.0777691749592557,0.106175158910508,-0.369786737242726,-0.297201119216455,-0.194292247501296,-0.142300668652156,-0.242753001210799,0.111921749016061,-0.356165074793627,-0.269334441011624,-0.412506988330587,0.0499237064248416,-0.348816176332298,-0.296666095936072,-0.391008982343262,0.0456805549198349,-0.0364834190366719,-0.194747768963474,-0.46311538294817,-0.291975480116869,0.0301275822963287,-0.429620012111488,-0.265464987420992,-0.231145797401961,0.215804388875114,-0.445137635080785,0.197119080598184,-0.0535786900188375,0.112171150083181,-0.101016219240884,-0.0817957053522389,-0.362920059337986,-0.228704451003179,-0.174358718666415,-0.493004776988127,-0.029046837161081,-0.127760262285137,-0.236307723364965,-0.271227972669074,-0.360871315713737,-0.221821789100476,0.11761070172939,-0.397996661964664,-0.307121510940769,-0.196643361507102,-0.162610119124163,-0.0680683647182432,0.184280466635508,-0.34894830405076,-0.514152660727319,0.0209321125705047,-0.134231843170195,-0.138355078756966,-0.337591039932516,0.105020904289645,-0.28786270206284,-0.211624836055835,-0.269429090288585,-0.237394392101479,-0.273822738873003,0.416158812274456,-0.418419809807641,-0.103809156723959,-0.339562732536994,-0.157537332088308,-0.682140777468139,-0.101221598986911,-0.216813806705649,-0.456062525846726,-0.184666707653257,0.0843174803455775,0.300089074015442,-0.109464218216139,-0.147510258310279,-0.399748232766442,-0.135163039124231,-0.174185834843771,-0.401683170446715,0.0110579272555206,-0.061899994069247,-0.112253673130661,-0.473395601127526,-0.17905470386437,-0.374706414006817,-0.46637425598016,0.182240131304497,-0.0758605180726751,-0.150608419795822,-0.12376508185506,-0.407320330449456,-0.0941327181883324,-0.197324500014976,-0.034035974781693,0.150882190227544,-0.344874912194756,-0.240819563717262,-0.148281229775482,-0.00605942939715484,-0.300741569964264,-0.328823212030126,0.0361132816907227,-0.299370198217995,0.0404722094958613,-0.145391034888454,0.19268186499288,0.138492479292249,-0.252908461699364,-0.0531527876387181,0.104149107737743,0.0185403179507561,-0.377495435235358,0.0133852123728998,0.151874431522458,-0.398438714696531,0.227482609556643,8.87142998825213e-05,-0.109482383961666,-0.155293467779244,-0.0719552930572965,-0.221507848627947,-0.426224475914843,-0.0251649970667432,0.119237818753126,-0.2825474047637,-0.100230804814734,-0.267176528669494,-0.305837027854401,-0.109149897862666,-0.230048158419577,-0.298813808244691,-0.111964612364457,-0.262993886154193,-0.5144126984052,-0.246789394951206,0.0524422358811556,-0.0843229164140958,-0.213086102476868,-0.0965133259230238,-0.525186701650786,-0.0595406858224757,-0.550525142280778,-0.175488476784618,-0.0439768149206861,-0.261962153324414,-0.355868921363425,-0.393379816798321,-0.267467622221528,-0.361231797515686
-0.0819366454442747,-0.34705360052419,-0.170832894837011,-0.284931401613259,-0.0351774292288935,0.31733146427561,-0.226335395011863,-0.264310640116278,-0.324733448033595,0.0754904610209435,-0.174352243681339,-0.0294780398036128,0.179181813044236,-0.367051112480099,-0.316545816509437,0.0227663025882515,0.0417717073753947,0.18085619818395,-0.120683895849513,0.0301192220942364,-0.0367286143116793,-0.1148851021436,-0.0148009011655571,-0.304798812458227,-0.234759975513886,-0.408587911734791,-0.424972048647641,-0.0917459490610763,-0.109668614189784,-0.0230611471359323,-0.0966947605221337,-0.2153072331561,-0.117706828875749,0.13740995431669,-0.12942215456715,-0.420931950778078,0.136337348262074,0.116524432116427,0.166186277958849,-0.095162015772445,-0.14218684354964,-0.199415091333698,-0.187155699589472,-0.250537676130985,-0.0881879747919384,-0.216487035756677,-0.496679233989727,0.077668200305498,0.00362715030050957,-0.0636444330921092,0.0783095583856141,-0.352840158306437,-0.262018435307404,-0.187724864966273,-0.118838253263426,-0.219084935233843,0.0726759905590313,-0.352976398924635,-0.232150860609935,-0.361653337950274,0.0462937746131377,-0.328109550943865,-0.26538882619055,-0.357438646709661,0.0655757489191313,-0.00454632102993779,-0.174565939509543,-0.400086961108647,-0.256260397065353,0.0163531572299898,-0.361154143859389,-0.275506229653457,-0.228414058683993,0.224153620214381,-0.433125067910434,0.2101796073666,-0.0469869733411676,0.0891475268229387,-0.0866697343151307,-0.0780540954828735,-0.327107362306649,-0.196488947460058,-0.177648409968894,-0.443378614089011,-0.0107937080128343,-0.0998560100095282,-0.211462887751404,-0.259776748704765,-0.315999428072289,-0.219693300248606,0.0800959599171922,-0.380804444713071,-0.269987079290686,-0.177405503178248,-0.149887312202043,-0.0790452092356571,0.172274560048342,-0.31770412104528,-0.490979916715604,0.00134593035653617,-0.135862657907668,-0.110895846351069,-0.304285908092631,0.0979433003717478,-0.272452782104059,-0.191687553368312,-0.27023876328077,-0.194791444544572,-0.251739061766951,0.414866908097302,-0.400849937649998,-0.119687277692858,-0.30298789770285,-0.140998613676131,-0.627282729801692,-0.117784984154135,-0.224717326348902,-0.443194430970108,-0.191657532977021,0.095766216493349,0.281649374459724,-0.105756784375451,-0.108710735340275,-0.366590270301091,-0.0998023469305672,-0.164260469622404,-0.369069318357257,-0.00292793227211697,-0.050152751737744,-0.11762986394942,-0.420516784890823,-0.190254929773115,-0.367000084339368,-0.44046327195667,0.167006756699308,-0.0829269879343677,-0.15183330002303,-0.112948843419854,-0.378239058146593,-0.0716022839641051,-0.185400714656528,-0.0257025844821815,0.103905449373731,-0.345499063775492,-0.242906747924044,-0.121553050446769,0.0173567483600408,-0.293179164581672,-0.313620308184913,0.0415041421506082,-0.300195280549332,0.0242668679743849,-0.119020934361948,0.199737697013528,0.0989606760749087,-0.250835815246264,-0.0537994167930426,0.0966226155633649,0.0315967709663662,-0.356804383073713,0.0152040255341261,0.143596756914258,-0.371807007727483,0.196606095533085,0.0018096304869464,-0.123015928764101,-0.149126935112212,-0.0558618495528102,-0.222696708571595,-0.380742320700447,-0.00735449805879824,0.109538097800863,-0.28205405980967,-0.103618725931127,-0.268078930695107,-0.316157259176819,-0.0791668653787567,-0.207375784428858,-0.308125439823954,-0.10224398448804,-0.233147305097058,-0.494242996073748,-0.210715028384206,0.0736253468151283,-0.0743193379479097,-0.220154745455415,-0.0943111325644084,-0.486033519313136,-0.0566068993608017,-0.513959381103165,-0.168620916933109,-0.0644223591796615,-0.23716521894504,-0.354864209804229,-0.358846373462015,-0.271675522109237,-0.312563711375628
-0.062945041018283,-0.302955520330913,-0.170957120420233,-0.2754469855664,-0.0451228914461409,0.309103979510461,-0.198358284971516,-0.251345137384944,-0.310401064946995,0.108387976367946,-0.143083539689536,-0.0301070915651754,0.169576277145196,-0.357158785610841,-0.305815326049236,0.0178866931851045,0.0311037878238761,0.185523908896175,-0.135878983329415,0.0194059266313649,-0.0409448793104802,-0.0937622928084156,-0.0083578797168079,-0.29946526675746,-0.211651922733144,-0.37659078262157,-0.40899626380277,-0.062367683334438,-0.0866066431595651,-0.0439720250573224,-0.087162633521608,-0.187032018030721,-0.106685521482058,0.119485555283013,-0.120066513134794,-0.380201631179753,0.124429720189655,0.131522211960319,0.145191263943223,-0.0824009711634492,-0.0883276800427684,-0.179274581053059,-0.164315555674412,-0.213191316811271,-0.0749135793867018,-0.206978526410382,-0.4914535581176,0.0893376390906263,0.0335714806955443,-0.0505654546590972,0.0514036567170865,-0.335799917238236,-0.226601685044038,-0.180342323825884,-0.0955181479051268,-0.195507669373522,0.0330202414529449,-0.349152456888701,-0.195877570219218,-0.311944712111941,0.0428321899428833,-0.306143454632689,-0.23373213466852,-0.323700021767823,0.0853249388020536,0.0271578863232782,-0.154269104051482,-0.337485479328673,-0.220595437319737,0.00213760107676372,-0.293163715976273,-0.285021553569664,-0.22567631278045,0.231825738197535,-0.421261749755326,0.22239669660214,-0.0403649670434642,0.0666302430842929,-0.0725262737318232,-0.0732873920808013,-0.291908689237131,-0.165248430925741,-0.180849220347251,-0.394154078359267,0.00742027664082888,-0.072070596853212,-0.185530419883253,-0.248391262325297,-0.271834693319307,-0.218028669094266,0.0429195506187027,-0.363593450375204,-0.233274966120163,-0.157882220063025,-0.137995514760798,-0.0895670118757866,0.159871099449563,-0.286476040851322,-0.468462685280143,-0.0183782558343985,-0.138447652167315,-0.083991804203353,-0.271504375375759,0.0900480288846265,-0.257337041825444,-0.171468945005434,-0.271645240965638,-0.151976937892045,-0.23015964933608,0.412203371588526,-0.38337259872319,-0.134535354570409,-0.265422748194247,-0.125266150802747,-0.572462869036581,-0.13412550569762,-0.23309597071212,-0.430464329078692,-0.197279672971057,0.105823333489166,0.263588639012291,-0.102978455015924,-0.0710741966535231,-0.332831701161988,-0.0648546167060419,-0.154214698926488,-0.336235951885035,-0.0158856598763987,-0.0385311116094276,-0.122266790039983,-0.367568336054683,-0.200535270477355,-0.359474643429946,-0.414308610215595,0.152057823334108,-0.0897192260692923,-0.153512603220203,-0.102003564337034,-0.348607641002867,-0.0487273346447351,-0.172702644882267,-0.0179267332702204,0.0574972403038624,-0.346648186905859,-0.245325892864953,-0.0947905354057073,0.0397783836532943,-0.285543226025024,-0.298424565266993,0.0456378423026142,-0.301312412386882,0.00872908075204073,-0.0934118182742492,0.206197348624165,0.060491145165511,-0.24898731290003,-0.0545694885919621,0.0888782910775631,0.0443792507270282,-0.336215603544999,0.017395694432448,0.135741104312766,-0.344770102312936,0.165143555405946,0.00368973501685154,-0.136581995442446,-0.143219972314514,-0.0410306465250579,-0.22380440266364,-0.335476543320598,0.00990570252541538,0.0988134514505696,-0.280691621121697,-0.106669264182225,-0.269503480601376,-0.326127528591854,-0.0493863524514487,-0.185092285958391,-0.316950270979432,-0.0933961877640639,-0.20334435662987,-0.473235669259614,-0.173879825879289,0.0938414524760846,-0.0639750572013028,-0.228372825641071,-0.0922810752736097,-0.447260625041331,-0.0533191666405715,-0.4780638551476,-0.162186962289271,-0.0848790137979807,-0.211482246022801,-0.353879356398324,-0.324331985082041,-0.275045797847292,-0.264572416670613
-0.0448002584701686,-0.258945581452644,-0.170982174180582,-0.265445391062828,-0.0554973734802214,0.299671136212825,-0.170332465240149,-0.237403987492455,-0.295385002232011,0.140011244853733,-0.112360422350167,-0.0315542896553904,0.159594292087278,-0.347875381888477,-0.29453354035813,0.0132065927333139,0.0202857724007513,0.189034787205193,-0.150850950305045,0.00851651848077868,-0.0450569972180725,-0.0722968240975965,-0.00191073554048489,-0.294309932180676,-0.187731107482306,-0.344990886132629,-0.39294201036449,-0.0329119405752925,-0.0640878049980733,-0.0647948107733514,-0.0780831582465778,-0.159167010442049,-0.0955402867482385,0.102852154950173,-0.110483347675912,-0.339403853820794,0.112688764185784,0.145969552892296,0.123893661217679,-0.0707253918730445,-0.0385814123822027,-0.157972226955548,-0.14132731920695,-0.175888787380311,-0.0614153549981443,-0.196675875841099,-0.484969061822206,0.100716636695413,0.0630337754410604,-0.0386311568925021,0.0253366299899246,-0.318517256506031,-0.191082765624738,-0.172159059430543,-0.0723195164910122,-0.171951957621149,-0.00687553660236703,-0.34464938629695,-0.16051804211189,-0.263443006093324,0.0395441067473145,-0.2827575570669,-0.201651289814916,-0.289750840541916,0.104712886155628,0.0584505590927968,-0.133807119655455,-0.275265807324365,-0.184896071063845,-0.0127402669956807,-0.225795574847774,-0.293992963116539,-0.222956515521589,0.238872167294367,-0.409486202590734,0.233471847833439,-0.0338719107753438,0.0446367305420151,-0.0585860418328719,-0.0675299528680164,-0.25738933607392,-0.134977312408557,-0.183745811985777,-0.345307390712221,0.0255611615064091,-0.0445843318992089,-0.1584187777319,-0.23687562188402,-0.228498871890603,-0.216620441463782,0.00628941332504782,-0.346452294162483,-0.196995533885425,-0.13807630179752,-0.126875361156092,-0.0996470496281249,0.147085372417674,-0.255322464358772,-0.446584430221494,-0.0382849308941899,-0.141834581951967,-0.0576655902637129,-0.239049286222248,0.0813761168452471,-0.242557511781496,-0.150968560866006,-0.27360144776598,-0.10895560827378,-0.20897303743073,0.40802981237161,-0.366004207975671,-0.148241830396205,-0.226874883565682,-0.110416208487102,-0.517649422490959,-0.15025661124217,-0.241890793317336,-0.417809184954963,-0.201626061055039,0.114408273848909,0.246048907638688,-0.101087232903845,-0.0348286465768625,-0.298377709005767,-0.0306456846528477,-0.143981123934643,-0.303220641038492,-0.0276781103635005,-0.0268320592182782,-0.1262025027414,-0.314425982091317,-0.209811135082908,-0.35206671803974,-0.387816725422704,0.1374182780802,-0.0963455878410931,-0.155622756116042,-0.0911527158026702,-0.31821913155135,-0.0253984080693061,-0.159257379916112,-0.0108663418997475,0.0123956416815515,-0.348282091421064,-0.247932878072493,-0.0679802654519638,0.0611990456177181,-0.277755929477065,-0.283121503187669,0.0482726247711908,-0.302758278147759,-0.00620278239871792,-0.0685959384307641,0.21201040025898,0.0234936093791235,-0.247331128747288,-0.0554419242478081,0.0809078572549598,0.0569131474772259,-0.31561088052478,0.0198818174627941,0.128195131495446,-0.317425801256727,0.133049983427897,0.00574874758143954,-0.150160800139854,-0.137717050650917,-0.0275500068146909,-0.224820452715492,-0.290504104549442,0.0265057496945671,0.0869390600061227,-0.278352129686212,-0.109303335712586,-0.271503320072117,-0.335777158133074,-0.0198309244282845,-0.16331562616619,-0.32507383946232,-0.0852115230122818,-0.173808264589997,-0.451326752785121,-0.13632304749732,0.112957828456181,-0.0532723491943015,-0.237563161599234,-0.0903126583547374,-0.40889691381424,-0.0495408928238119,-0.442786624408055,-0.156147370833744,-0.105301590855946,-0.184699577773983,-0.35296786177559,-0.289664337862874,-0.277562564640919,-0.217356053529853
-0.0274193829732024,-0.215124318441441,-0.171148661326318,-0.254947852943649,-0.0663888431258722,0.289070550909975,-0.142322306633445,-0.22242302225369,-0.279506420326587,0.170301005501551,-0.0823792384346133,-0.0337540934074363,0.149076756404028,-0.339159697584807,-0.282618982936787,0.00862310433645364,0.00914880068587799,0.191129839823067,-0.165546887180886,-0.00276348170926964,-0.0491041605665292,-0.0506606104136177,0.00452808123488249,-0.289365005572619,-0.162822722083961,-0.31378920542777,-0.37678545788337,-0.00343561376257785,-0.0418128104166699,-0.0855500475880246,-0.0694183504910538,-0.131766354809829,-0.0842179894609723,0.0874491429928255,-0.100717267095467,-0.298390023509576,0.101216634821809,0.159811977858565,0.102141613126928,-0.0602812437674231,0.00648494570386869,-0.135449363331141,-0.118226248013835,-0.138656113847296,-0.0475775147653063,-0.185704053236223,-0.477138451032114,0.111861431141839,0.0919237741791423,-0.0279215939494872,-3.15293855459989e-05,-0.300834351411664,-0.155586179402223,-0.163220126615279,-0.0492499735049478,-0.148348653280125,-0.0468323219289003,-0.339422173638125,-0.126038167466781,-0.216196095935403,0.0363960113323894,-0.257858353258046,-0.169146589460223,-0.255578555627121,0.123555353197535,0.0891563834295314,-0.113155020582954,-0.21336309000101,-0.149105750252777,-0.0285449440962404,-0.159227779982133,-0.302444918279392,-0.22028910720315,0.245356069456793,-0.397748535087879,0.24315219226194,-0.0276642847003765,0.0231569412502654,-0.0448741663454609,-0.0608802000675875,-0.22360504986387,-0.1056309225202,-0.186120208806533,-0.296795815022689,0.0435799011385985,-0.017619615927598,-0.130068676047631,-0.224971049420178,-0.186127520610173,-0.215263051440779,-0.0295755569228853,-0.329476850139364,-0.161151049266778,-0.118002877295275,-0.116405675166216,-0.109314022961267,0.133960076919904,-0.224339397718425,-0.425325818179808,-0.058506557164346,-0.14584547111432,-0.0319346742187863,-0.206666113394125,0.0719686913420046,-0.228213648200009,-0.130180461785937,-0.276029633073684,-0.0657601121510773,-0.188000076846291,0.402259727714305,-0.348772204292344,-0.160757843974387,-0.187371721565196,-0.0964708316452022,-0.462827745756455,-0.166193833663034,-0.251021112411207,-0.405144162383243,-0.204811514585529,0.121497145694544,0.229158230022608,-0.0999887531312704,-0.000133257344077016,-0.2631565276544,0.0024593170201743,-0.133480781299965,-0.270117491896262,-0.0381946846990588,-0.0148393818631938,-0.129525659974578,-0.260966952607787,-0.218065505276382,-0.344708311458753,-0.360929955728976,0.123113386999401,-0.102937193406832,-0.158113952544053,-0.0806562844628002,-0.286871472825438,-0.00147901295844004,-0.145143488430266,-0.00472910677713601,-0.030616577820149,-0.350379656941073,-0.250547823032759,-0.0411150826121564,0.0816694933263834,-0.269751786892172,-0.267567684543865,0.0491765805292859,-0.304571587931151,-0.0206329558898506,-0.044551937967211,0.217121252215548,-0.0115934276946692,-0.245829833953456,-0.0563691704889732,0.0727374430353008,0.0692310532490611,-0.294876951556459,0.0225455457745397,0.120813683032814,-0.289913824043273,0.100343151091099,0.00798944279697263,-0.1637420830358,-0.132763241309176,-0.0154731376622473,-0.225747711321664,-0.245939503706299,0.0423230456512475,0.0738118051408113,-0.274988354327033,-0.111479584417279,-0.274100330838121,-0.345198006864666,0.00949906159631666,-0.142167943521518,-0.332314976622451,-0.0774177223887408,-0.144800585688122,-0.428456704692206,-0.0981277619229403,0.130860069592685,-0.0422597204739322,-0.247457927063036,-0.0882516338644568,-0.370879551149707,-0.0451727083384449,-0.408059427095811,-0.150460218202945,-0.125704477917598,-0.156584184316486,-0.352191584056167,-0.254650358188736,-0.279295209454623,-0.171021488295818
-0.0106911948416381,-0.17156883712475,-0.171685171148322,-0.243973697799465,-0.0779100209062913,0.277344200105409,-0.114412285249724,-0.206406374844589,-0.262617818405351,0.199246121670928,-0.053344679292664,-0.0366169665527453,0.137876237000623,-0.330964469811411,-0.27002540784784,0.00406937142871265,-0.00250095537457512,0.191582816678271,-0.179911738153904,-0.0146721377754024,-0.0531401034833486,-0.0290392492485662,0.0109484077895478,-0.284618051792274,-0.136760645696514,-0.282994874069662,-0.360508292147313,0.0260243968411963,-0.0194333272127909,-0.106311064668902,-0.0610916077176141,-0.104897343166971,-0.0726926334179871,0.073120017043707,-0.0908297344026228,-0.257054142391557,0.0900982046290788,0.172960916241166,0.0797728126009079,-0.0511836930162885,0.0464372891264368,-0.111717751094732,-0.095040458519199,-0.101503547092068,-0.0333075420800312,-0.174213910827741,-0.46793381562318,0.122848055734537,0.120179683764051,-0.0185094192084598,-0.0248425287379798,-0.282608115485186,-0.120205454475158,-0.1535692412018,-0.0263547437016014,-0.124651494572392,-0.086685592226186,-0.333413924677951,-0.0923607898965876,-0.170251457273444,0.0333108251608947,-0.231423879941302,-0.136252403833138,-0.221203756620425,0.141704869701085,0.119110003466691,-0.0923128933910221,-0.151702385519275,-0.113189606287593,-0.0455565847910706,-0.093648145433486,-0.310442269380064,-0.217703665968117,0.251328440442618,-0.386026888136393,0.251242077347875,-0.021872438941501,0.0021768954334171,-0.0314244226696291,-0.0535043430398813,-0.190602255385319,-0.0771297125093834,-0.187801638959754,-0.248573464854138,0.0613973322170462,0.00858882635661968,-0.100461087538822,-0.212406028144959,-0.144857258556096,-0.21378722356111,-0.0644485059535864,-0.312725927153997,-0.125757831423548,-0.0977041717862211,-0.106428649636295,-0.118598660191465,0.120572489662922,-0.193661304169784,-0.404665117325093,-0.0792649107742521,-0.150309876990107,-0.00681567593154312,-0.174055572968118,0.0618665318751374,-0.214469150110037,-0.109094982742981,-0.278829997116247,-0.0224697402564855,-0.167026092522284,0.39485521184408,-0.331687955833636,-0.172112737080294,-0.146939196735422,-0.0833908380615658,-0.408001061028448,-0.18195685913228,-0.260382897767096,-0.392380541310367,-0.206962061700152,0.127097440971191,0.213020926395836,-0.0995739523424545,0.0329260191563845,-0.22714403411208,0.0341068487370912,-0.122658159078269,-0.237034917208051,-0.0473814417577297,-0.00234082151678465,-0.132366741319752,-0.207075805507792,-0.225339669797782,-0.337360186193056,-0.333605498320899,0.109155655282567,-0.109615033664331,-0.160925713668915,-0.0707698115235882,-0.254372445876171,0.0232025531541943,-0.130485730565727,0.000246568133770685,-0.0708079892584975,-0.352927734816332,-0.252990738203532,-0.0141864932330975,0.101245877988747,-0.261497041147272,-0.251612680156292,0.0481435353093834,-0.306773960323748,-0.0346934227644621,-0.0212136142080001,0.221449319395887,-0.0443638021350836,-0.244458674199311,-0.0572825115750302,0.0644336587135582,0.081386116627257,-0.273917694200057,0.025255243536326,0.113449105385667,-0.262409412244361,0.0670661334630892,0.010403010348495,-0.177328043763867,-0.128499013390395,-0.00482147114085932,-0.226597387885249,-0.201909513183569,0.0572340248854964,0.0593410339883597,-0.27062923720129,-0.113193435181475,-0.277275679692797,-0.354514185226864,0.0386286963578293,-0.121771683343378,-0.338558958089242,-0.0697263490833522,-0.116588182913046,-0.404599123237906,-0.0594031570436733,0.147471085687355,-0.0310220956995434,-0.257748405019526,-0.0859425161525649,-0.333087661974888,-0.0401598341259321,-0.373795583931809,-0.145077727247284,-0.146142385614057,-0.126907053528545,-0.351592354646656,-0.219101257200077,-0.2803823787165,-0.125660460769677
0.00548103003725304,-0.128314534060377,-0.1727949340551,-0.232530890103176,-0.0901820055597778,0.26454644813958,-0.0867050933034921,-0.189438797069807,-0.244616686465194,0.226878068701323,-0.0254621493073421,-0.0400429857120616,0.125879005195735,-0.323246981905382,-0.256749512479456,-0.000456820154321185,-0.0148541593155713,0.190240952131022,-0.193866742303923,-0.0274098826601835,-0.0572045372472779,-0.00759320285578139,0.0173300873560332,-0.280007840818048,-0.109400861896835,-0.252619894101611,-0.344095839874455,0.0554368356201265,0.00341959473705376,-0.127206484165684,-0.0529937384655764,-0.0786313912532785,-0.0609932364992234,0.0596201300238108,-0.0808709737127499,-0.215383830094591,0.0794003644248143,0.18530086068371,0.0566233554734769,-0.0435338243901462,0.0810259424090807,-0.0868429394997627,-0.0717662508129508,-0.0644190496162214,-0.0185528211240699,-0.162340003184431,-0.457363293049627,0.133760283792847,0.147778951635207,-0.0104679201017785,-0.0492205403069595,-0.263749444865458,-0.0850044297072079,-0.143225540376978,-0.00371631829656973,-0.100846098092696,-0.126291883796656,-0.32654949970887,-0.0593606748033957,-0.125669602091968,0.0302060846981157,-0.203501725677717,-0.103007326163768,-0.186682666779397,0.159036093743377,0.148150775713364,-0.0712982612206993,-0.0902082975613754,-0.0771292005504816,-0.064037904972716,-0.0292111759350593,-0.318066832132612,-0.215205564933086,0.256815616648175,-0.374327930675272,0.257603314729189,-0.0165853622422988,-0.0183234370964105,-0.018253817638998,-0.045623945980732,-0.158429279705228,-0.0493704791070158,-0.188702648310502,-0.200598829401322,0.0788938265520822,0.0338080471543322,-0.0696026184159321,-0.198933095975144,-0.104805441607526,-0.212062449085461,-0.0981015838907655,-0.296187846141731,-0.0908527669204897,-0.0772688476854663,-0.0967783759055171,-0.12753850465996,0.107030560292286,-0.16344680746613,-0.384584911162361,-0.100802997373101,-0.15507452839661,0.01768522278665,-0.140906404417891,0.051125877471292,-0.20151523727481,-0.0877220412196957,-0.281894453347377,0.0208118673015982,-0.145837052472179,0.385824413583184,-0.314728615702234,-0.182414262023508,-0.105584295099183,-0.0711023279594033,-0.353189020162992,-0.197565030957588,-0.269867334645865,-0.379435874781028,-0.208212435206086,0.131229191580661,0.197705213381521,-0.0997632500209376,0.0643304703121309,-0.190374134645749,0.0640006157358484,-0.111505256896964,-0.204072168202596,-0.0552509248414627,0.0108440087075431,-0.134873386605168,-0.152666413447822,-0.231710126916216,-0.330029122837796,-0.305795040487283,0.0955499285812364,-0.116471454100515,-0.164015453986137,-0.0617171546952331,-0.220553152467107,0.0488370471866311,-0.115444314335088,0.00383056457390685,-0.107565544005756,-0.355902576972405,-0.255106832237515,0.0128200691985373,0.119938117018307,-0.253013555021386,-0.235124087056757,0.0450092636878047,-0.309368954921658,-0.0485178388094396,0.00150870504672658,0.224878252898381,-0.0744986047962877,-0.24320225787944,-0.0580963690438804,0.056081541074362,0.093448935672894,-0.252653803071104,0.0278981253144757,0.105992355777158,-0.235105140579252,0.0332556407298696,0.0129776297663243,-0.190933063961512,-0.125048334476219,0.00442049475665263,-0.227393489879224,-0.158521218457511,0.0711309741253962,0.0434485938961874,-0.265368444657095,-0.114476313226698,-0.280977820632384,-0.363847038658298,0.0675816409310965,-0.102230148631155,-0.34377433560622,-0.0618830190780047,-0.0894141261290221,-0.379774003715305,-0.0202753027157455,0.162767056553579,-0.0196547248867233,-0.268126115198105,-0.0832652747199696,-0.295385408969894,-0.0344939691354206,-0.339893866763434,-0.139953803144643,-0.166672418968963,-0.0954733038071168,-0.351182866233161,-0.182857386261378,-0.281008633593466,-0.0813305346638396
0.0211777516657369,-0.0853565733678637,-0.174654519584302,-0.22062303572145,-0.10329714791394,0.25075279626577,-0.059305914777577,-0.171670906628426,-0.22544331279738,0.253268284932699,0.0010803164984783,-0.0439464141350479,0.113034276399273,-0.315964956895866,-0.242818320049288,-0.00489970412912263,-0.0280683726183377,0.187049815323187,-0.207312153738447,-0.0410926669366189,-0.0613172458078463,0.0135653109703506,0.0236270972391329,-0.275450983097416,-0.0806346617115135,-0.222665107205404,-0.327518407588581,0.0847644833422215,0.027093040732447,-0.148398786064776,-0.0449787520173876,-0.0530364855436525,-0.0492037422392311,0.0466590846105926,-0.0708597520284659,-0.173460150228332,0.0691802113069961,0.196715287995546,0.032536217838476,-0.0374461614688224,0.110207992063553,-0.0609237226716003,-0.0483629005169292,-0.0273718865178032,-0.00329802285491085,-0.150177561774973,-0.445439930168657,0.14467560949433,0.174724543698036,-0.00386737471330794,-0.0732455570412846,-0.244257284291476,-0.0500523575378734,-0.132185924007502,0.0185607462532576,-0.0769482809098301,-0.165524530245398,-0.318733176341269,-0.0268815628325101,-0.0825211685659491,0.0270438356057392,-0.174191573929025,-0.0694357872812823,-0.152109526867875,0.175431457291157,0.176116512638672,-0.0501341092953015,-0.0288153133368959,-0.0409217401354285,-0.0842185765198453,0.0340050842117966,-0.325392828849203,-0.212768291913062,0.261831285370394,-0.362672707255167,0.262147721318768,-0.0118633647870718,-0.0383813845608529,-0.00535466715779243,-0.0374881133341699,-0.127140162625985,-0.0222437479791563,-0.188826144541374,-0.152840019021535,0.0959126528665737,0.0578086420737519,-0.0375032108507104,-0.184336755152251,-0.066062623538742,-0.209977013685626,-0.130337521692888,-0.279777665768535,-0.0564921495625223,-0.0568286656766296,-0.0872965283402824,-0.136205152243435,0.0934528287512437,-0.13385543123224,-0.365081665433728,-0.123305368006888,-0.160002197308709,0.0415781728168337,-0.106936158262909,0.039840304387479,-0.189518422706099,-0.0661224447307372,-0.285117485514978,0.0640112095058185,-0.124244549413414,0.37522270540901,-0.297847687763037,-0.191819660412705,-0.0632852363632521,-0.0595373664797254,-0.298429767452751,-0.213020886486791,-0.279382492783912,-0.3662378878156,-0.208707138424512,0.133905719331521,0.183228407345457,-0.100539266970046,0.0941082070583556,-0.152927672764467,0.0919309441272825,-0.100066075846006,-0.171320767774371,-0.0618621838639972,0.0248460114533958,-0.137179048926289,-0.0977087342045574,-0.237263791348121,-0.322756956989856,-0.277438565923262,0.0823146792990332,-0.123564534468772,-0.167376802404762,-0.053682928037011,-0.185284088259978,0.0755939367987133,-0.100199061474128,0.00584233353741869,-0.140429588308629,-0.35925970257932,-0.256771473665499,0.0399249597985736,0.137692047622703,-0.244381820683202,-0.218000318516068,0.0396678263013453,-0.312348066008963,-0.0622188333124627,0.0236992037269675,0.227271388959919,-0.101796510598366,-0.242032482670854,-0.0587131158046092,0.0477601434497759,0.105491727343068,-0.231015849103423,0.0304134288414337,0.0983967869085093,-0.208185376036418,-0.00107097812907935,0.0157014021804772,-0.204573568982143,-0.122501811090293,0.0123174584531357,-0.228177801190144,-0.115841516290828,0.0839432432372836,0.0260684057546168,-0.259326407053973,-0.11540317288558,-0.285137605427658,-0.373300640825164,0.0963569253236394,-0.0835989750043773,-0.347999466993968,-0.0536970143373826,-0.0634862369782925,-0.354036956075188,0.0191100110294117,0.176781216145861,-0.00825655513568848,-0.278308595479453,-0.0801554934644095,-0.257664785916923,-0.0282075315021977,-0.30624426088863,-0.135054806355333,-0.187328561031524,-0.0621425572831502,-0.350955854001853,-0.145799590068397,-0.281373659399187,-0.0380425665929237
0.0364995118443585,-0.0426658302480665,-0.177402916106023,-0.208256791582304,-0.117285577075486,0.236055454662659,-0.0323067481592901,-0.153287478510231,-0.205076285110822,0.278525022208015,0.0261283033429327,-0.0482619313968077,0.0993869187673475,-0.309077715016138,-0.228275087144873,-0.00916901285864832,-0.0422440941282729,0.18205431837168,-0.220145635722072,-0.0557337985513924,-0.0654869855978508,0.0343690858578413,0.0297615676460336,-0.270871769524243,-0.0504072248424475,-0.193104735613202,-0.310716570867713,0.113955428525048,0.0518689005185239,-0.170043121630645,-0.0368772554821843,-0.0281747655678579,-0.0374344901481635,0.033954637607495,-0.0607780231697156,-0.13141465294197,0.0594927018601088,0.207100000022071,0.00736849116417237,-0.0330614062023577,0.134135628111375,-0.0340724315069348,-0.024777470476955,0.00968306396610869,0.012460798696398,-0.137792327915875,-0.432166228494411,0.155649648140691,0.201022373831791,0.00123741037580941,-0.0969331691823263,-0.224219257155073,-0.0154574138207084,-0.120443582370357,0.0403750827282986,-0.0530061200865597,-0.204263154427298,-0.309866362004201,0.00522784694402279,-0.0408675191290435,0.0238557088283682,-0.143617752488097,-0.035544622133626,-0.117605175831381,0.190782868635199,0.20284621715994,-0.0288326580634107,0.0325223987648994,-0.00457830691905236,-0.106289766783538,0.0960169264756281,-0.332471140329108,-0.210348447350347,0.266400474272067,-0.35108063010432,0.264823006694015,-0.00775854853192788,-0.058039707074028,0.00728763731004904,-0.029338039814665,-0.0967762287490001,0.00434458535873258,-0.188253693058548,-0.105286344862402,0.112277356359878,0.0803622609176255,-0.00416638288609275,-0.168429419075501,-0.0287094645078015,-0.207417523825377,-0.161024940168143,-0.26335796729133,-0.0227532559115813,-0.0365228643865181,-0.0778342463422411,-0.144720102875706,0.0799411783502094,-0.105036472982621,-0.346174501184227,-0.146861419232304,-0.164971710236105,0.06488910738422,-0.0719136322174076,0.0281448034900124,-0.17858829171449,-0.0444197878728407,-0.288408093279125,0.107128174058431,-0.102100882578413,0.363139895676887,-0.280995539481184,-0.200487120436318,-0.0199963694141501,-0.0486511133871061,-0.243781467584169,-0.228290486234306,-0.288861964305128,-0.352737380259594,-0.208597470870461,0.135121349043626,0.169547509154357,-0.101957343984293,0.122303044004471,-0.114908923258937,0.117787740807321,-0.0884247357383862,-0.138869982912549,-0.067290944499669,0.039747420944242,-0.139375224541092,-0.0422352506678972,-0.242081882749551,-0.315603540385674,-0.248465373261897,0.0695006805428751,-0.130912616980414,-0.17103715738038,-0.0468096511191213,-0.148484461631794,0.103588250046397,-0.0849255315892571,0.00617756756832484,-0.169109816041142,-0.362940317843127,-0.257889266079239,0.0671556131975489,0.154399353468034,-0.235709967502886,-0.200175704371573,0.0320772267808192,-0.315687427532878,-0.0758746204824562,0.0454148733553656,0.228506314306092,-0.126178560706658,-0.24089353618918,-0.0590292819773888,0.0395302953906964,0.117581344423526,-0.208938732675157,0.0328124912583966,0.0906754491255778,-0.18179852915665,-0.0359159117098279,0.0185573793808451,-0.218258716171077,-0.120901578279593,0.0189867049968585,-0.229004435317429,-0.0738915242713077,0.0956539921386894,0.00715124721571325,-0.252607487868817,-0.116093701971123,-0.289680958254036,-0.382964420862707,0.124934730695915,-0.0658738055262283,-0.351302253861998,-0.0450421729863956,-0.0389701016395703,-0.327463221696227,0.0585957055691538,0.189589942935838,0.00307081792788611,-0.288070767710366,-0.0766102464033294,-0.219880545215513,-0.0213655417765396,-0.272745760533292,-0.130364914473101,-0.208118432282776,-0.0268403165567502,-0.350898762073015,-0.107846208102203,-0.281654488439579,0.0042439164944268
0.0515952971129435,-0.000207679186477877,-0.181119940650139,-0.195431140713036,-0.132115443722524,0.220547859796587,-0.00578437054375123,-0.134477415488824,-0.183530331229876,0.302777521564859,0.0495656948570386,-0.0529349942323548,0.0850874091953785,-0.302553990049973,-0.21317436308481,-0.0131625081805099,-0.0574173468924822,0.175382349304055,-0.232281786822565,-0.0712520723896279,-0.0697258060922907,0.0547732127708044,0.0356346273496089,-0.266209165208732,-0.0187299109555973,-0.163878001723678,-0.293601554428367,0.142948335337604,0.0779248461435697,-0.192251308996296,-0.0285365364921795,-0.00409861856613004,-0.0257872276801414,0.0212529414950884,-0.0505830260947098,-0.0893766881538803,0.050394811316895,0.216367129487432,-0.0190068996256925,-0.0305199423972608,0.153130594710272,-0.00639920972367692,-0.000977545276192169,0.0467926591155316,0.0287450968826505,-0.125249841144352,-0.417548718029106,0.166704995528993,0.226666997211278,0.00482593899472186,-0.120236472175956,-0.203779771992644,0.01863788321526,-0.108002476037024,0.0616451210403827,-0.0290971896281362,-0.242388718935374,-0.299889171623973,0.0370879852213432,-0.000744186174192721,0.020736043130267,-0.111917619908117,-0.00131633730491163,-0.0832866879166979,0.205008771770932,0.228188751586621,-0.00738433577508529,0.0938290062379167,0.0318811329968601,-0.130396702243497,0.156919318901898,-0.33933076312915,-0.207913200170659,0.270572761390893,-0.339564675618624,0.265601330444423,-0.00431507437211873,-0.0773107267176999,0.0196712625033369,-0.0213719729157396,-0.0673376101161512,0.0304493054494072,-0.187126371769456,-0.057954065657358,0.127822173365489,0.101249717869524,0.030402964640966,-0.151066201770754,0.00717337626003463,-0.20426085452024,-0.190107571340105,-0.246770347388877,0.0102643076584354,-0.0164563292204813,-0.0682547374934584,-0.153231787560813,0.066557739977652,-0.0771308130389704,-0.327904677706597,-0.171473281412472,-0.169886715191789,0.0876573805796504,-0.0356478428081243,0.0161951852198235,-0.168767906746362,-0.0227798618825669,-0.291704270270098,0.150239504911592,-0.0793078739380781,0.349677881279721,-0.264121966506242,-0.208537338682007,0.0243367909554195,-0.0384117175662222,-0.189310713875066,-0.243300983238531,-0.298260136797867,-0.338923093499712,-0.208029570496659,0.134857106832663,0.156567847981394,-0.104136831206728,0.148963382532032,-0.0764200158251255,0.141557336961154,-0.0766886152707913,-0.106802962033619,-0.0716215775731097,0.0555849882558167,-0.141493865176812,0.0136788833267935,-0.246242241222137,-0.308641553314045,-0.218801402650213,0.057194215349992,-0.138492027503361,-0.175049254583211,-0.041191714026721,-0.110125606432253,0.132874699515643,-0.0697691817504115,0.00480969442309347,-0.193497578577039,-0.366880598222888,-0.258395797692934,0.0945466907910271,0.169920123130278,-0.227095863369275,-0.181625387733292,0.0222619076690342,-0.319334777593468,-0.0895260427928312,0.0666775104300486,0.228510669057504,-0.147678170115856,-0.239709603005349,-0.0589448658858705,0.0314257952479727,0.129780286115333,-0.186365082679775,0.0351748932688502,0.0828862754420113,-0.156032732476306,-0.0712933446081824,0.0215140463834215,-0.231996927118641,-0.120241441120226,0.0245814994810666,-0.229925962889725,-0.0326541495731893,0.10630397051949,-0.0133087830308219,-0.245278345205182,-0.116694145675036,-0.294533849427556,-0.392914062923123,0.153293374237293,-0.0490003425291883,-0.353744270000761,-0.0358361284875958,-0.0159659698045329,-0.300144415727814,0.0980473145475108,0.201286167975979,0.014237596666982,-0.29727494244805,-0.072678649161592,-0.182053161662188,-0.0140567367119463,-0.239328778832449,-0.125887187864642,-0.229036788755915,0.0104301944807038,-0.3510002459555,-0.0689446090378969,-0.281980378724586,0.0456140003370084
0.0666472375070005,0.0420486607761424,-0.185819758615999,-0.182121953937555,-0.14773214546586,0.204307147763021,0.0201925314790937,-0.115422096341695,-0.160848160345718,0.326151427816243,0.0713159937940907,-0.0579246447550065,0.0703501840872981,-0.296375529331469,-0.197578664123388,-0.0167822842759901,-0.0735645387881494,0.16722242363161,-0.243659019422273,-0.0874933016494622,-0.07406310413113,0.0747427878848585,0.0411418831283904,-0.261404092811214,0.01432292593835,-0.13489734437974,-0.276065578590106,0.171692991434178,0.105311289232789,-0.215083137425938,-0.0198635537283038,0.019161447908676,-0.014340329817726,0.00831648068390962,-0.0402323024121277,-0.0474404492593992,0.0419393690733407,0.224453531201926,-0.0467050876710898,-0.0299069753644505,0.167653496631744,0.0219878105207322,0.0230380928366902,0.0839790686525058,0.0455957444177215,-0.112631193594485,-0.401629872669626,0.177826903587153,0.251639678201061,0.00693002095266415,-0.14306849648388,-0.183109477999382,0.0520901976830377,-0.0948821120779631,0.0823075590361465,-0.00530414519868587,-0.27979509138002,-0.288817627757798,0.0687845919079239,0.0378416815648851,0.0178204813420213,-0.079261138688954,0.0333015202060808,-0.0492416224566381,0.218068229926056,0.252011481322661,0.0142361422765758,0.155119710193752,0.0684362131412243,-0.156628589963443,0.216851224798557,-0.345994050483881,-0.205454645071931,0.274415796001727,-0.328128389170902,0.264476091750506,-0.00155331395529809,-0.0961553790801271,0.031770565870569,-0.0137217846329116,-0.038769962658768,0.0560734658359921,-0.185617541863967,-0.0108747135602095,0.142427573237138,0.12029544774356,0.0661777707280737,-0.132181443849274,0.0415360065702639,-0.200383358857178,-0.217586330274096,-0.229865092454139,0.0424465078563785,0.00331478908397565,-0.0584483493707109,-0.161866898292993,0.0533185320266066,-0.050264153543603,-0.310316518547373,-0.197074541711639,-0.174685062445957,0.109932881113887,0.0020351010930865,0.00414572599552071,-0.16002551272192,-0.00137622567817035,-0.294983181752135,0.193472174043044,-0.055821106576231,0.334939868228484,-0.247165205387455,-0.216049747651751,0.0697643459234046,-0.0287807586333796,-0.135072406225115,-0.257962815802221,-0.307544584878631,-0.324826278621495,-0.207124089519531,0.133092937095718,0.144171523908935,-0.107245313564997,0.174160011073519,-0.0375448249479998,0.163312731564415,-0.0649742188556415,-0.0751813220933852,-0.074968018906058,0.0723504388860783,-0.143500052133667,0.0699407152935087,-0.249825410187482,-0.301963808861327,-0.188387769037702,0.0454997602541425,-0.146247007128551,-0.179493363703454,-0.0368696433742728,-0.0702375562387057,0.163459094653061,-0.0548335152829382,0.00177774691760153,-0.213670064390116,-0.371007273324012,-0.25825194987829,0.122131661336835,0.184118431851446,-0.218613286065658,-0.162371437732608,0.0103232874653205,-0.323204506752323,-0.103187902265481,0.0874668483067472,0.227282158428231,-0.166426980227442,-0.238393072082123,-0.0583783240182537,0.0234449319532248,0.142141880961406,-0.163259741417637,0.0376297877953621,0.0751235647796467,-0.130903356467318,-0.107211228725411,0.0245210632964933,-0.245810332255552,-0.120484952134678,0.0292671646009496,-0.230986698078808,0.00790929979547196,0.115986875767287,-0.0352429322475258,-0.237378428420391,-0.117352992970655,-0.299619982088356,-0.403204348042037,0.181411775574805,-0.0328890436741089,-0.355370499342852,-0.0260226745067784,0.00551667254447919,-0.272187939690217,0.137394236166588,0.211963124706291,0.0251848064975986,-0.305874862746964,-0.0684328937487931,-0.14423614737152,-0.00638851996359114,-0.20596209376707,-0.121642586969603,-0.250083933872424,0.0495727165073714,-0.351245001148809,-0.029068286121816,-0.282430887271476,0.0861922712452756
0.0818244321501006,0.0841283231540156,-0.191460046360049,-0.168287294400397,-0.164105108265418,0.187382510056447,0.0455616463186241,-0.0962971544996453,-0.137087326464997,0.34875235101778,0.0913508386822739,-0.0632191207716757,0.0553752840824896,-0.290539289394928,-0.181556231398314,-0.0199477903459366,-0.0906039027409894,0.157807249129911,-0.254228262702445,-0.104255473419035,-0.0785534056528428,0.0942709473915037,0.0461866751352349,-0.256387626883094,0.0486227933318159,-0.106078179861828,-0.257992327997641,0.20016795815082,0.133955711688369,-0.238553502766264,-0.0108533564568531,0.0416082319245237,-0.0031511331673703,-0.00507825595838569,-0.0297051695692847,-0.00566014614583504,0.0341523905319321,0.231325223903318,-0.0758233378081618,-0.0312132663105658,0.178258452661567,0.0509649741641508,0.0472560425389968,0.121221331483547,0.0630439242229546,-0.100017718810733,-0.384503854946208,0.188963516417751,0.275911925819407,0.00763363936869072,-0.165335270281095,-0.162394608533892,0.0847828582399474,-0.0811191653984826,0.102302997993903,0.0183181114821828,-0.316412527874696,-0.276746467010365,0.100368365152502,0.0749058664485933,0.0152581280511385,-0.0458762286830955,0.0683903188297401,-0.0155313462708025,0.229966695284063,0.274213910881955,0.0360542854798089,0.216414788762934,0.105076351353989,-0.185007795407132,0.27596436402159,-0.352479988938401,-0.202978191457292,0.277996466681711,-0.316752522913365,0.261462545243861,0.000539380825999883,-0.114504408120894,0.0435442894928168,-0.00644765146956887,-0.010975873648557,0.0811829763914413,-0.183900501722345,0.0359183501652531,0.156040323166595,0.137426403861801,0.103083513122079,-0.111814641919788,0.0744025428963817,-0.195678728930392,-0.243491350943861,-0.212523550004283,0.0736858112177419,0.0227685093312801,-0.0483511892036066,-0.170684460472291,0.0402108680829778,-0.0245280660002042,-0.293431022932086,-0.2235403520799,-0.179338530825025,0.131780822842345,0.0412915370115248,-0.00786301320480548,-0.152248288787319,0.019631598048154,-0.298261553078203,0.236969398983272,-0.0316472118996139,0.319032719417693,-0.230052035339889,-0.223094158128039,0.116319353319972,-0.0196974563472924,-0.0810993563252679,-0.272196296121623,-0.316696042836584,-0.310524075262927,-0.205954151001705,0.129819963682282,0.132250815590644,-0.111482807072474,0.197997180144435,0.0016484104109196,0.183206180283602,-0.0533999164006396,-0.0440229471835388,-0.0775005820202385,0.0899962432194987,-0.145297916384281,0.126450731101668,-0.252902770797229,-0.295693908328209,-0.157199320819311,0.0345063123243982,-0.154104283432923,-0.184477189525996,-0.0338263011469465,-0.028920840118885,0.195309260240505,-0.040180810528619,-0.00282007484188726,-0.229870285231048,-0.375226857879714,-0.257432004780232,0.149928983272299,0.196902970621997,-0.210322092498544,-0.142492462869901,-0.00355609637745887,-0.327191718463862,-0.116872489537711,0.107712376474601,0.224882258748231,-0.182640400788301,-0.236833340981318,-0.057275797755289,0.0155530853629291,0.154702133933788,-0.139630551673862,0.0403400199422499,0.0675163685473288,-0.106355784476292,-0.1436560666218,0.0275143048459376,-0.259737297514587,-0.121587676632937,0.0331995647565089,-0.232232646300719,0.0478444624133061,0.124839416243177,-0.0585114504369231,-0.228948815604184,-0.118199363189913,-0.304858854817117,-0.413866425573653,0.209255915277654,-0.0174261511632263,-0.356220146178671,-0.015581586569517,0.0255642027522511,-0.243700914015932,0.176643869305468,0.221719764192381,0.0358835623230884,-0.31389801448942,-0.0639325892005505,-0.10648305308197,0.00150820479492395,-0.17264448926192,-0.117666808445033,-0.27126376885833,0.09039327925336,-0.351605881513712,0.0117713633388114,-0.283039627369641,0.126144915448443
0.0972443553894584,0.126045834394892,-0.197945530174274,-0.153892783836759,-0.181249099489777,0.169795707133576,0.0702727255613127,-0.0772634121098801,-0.112311340322782,0.370668405174359,0.109693487447479,-0.0688389826921101,0.0402829962254966,-0.285053685806466,-0.165186481902812,-0.0226174261257798,-0.108407780702006,0.147399913984388,-0.263949501811286,-0.121326396672803,-0.0832753235355661,0.113397131794466,0.0507000684330986,-0.25108289602265,0.0839983857203881,-0.0773809432013697,-0.239262301530333,0.22838433115971,0.163687078697044,-0.262635818159051,-0.00159595385859458,0.0632776679246642,0.00774841474818749,-0.0191174013607542,-0.0190097498275515,0.0359366953715037,0.0270064410763073,0.236977055004359,-0.106416844358594,-0.0343447918267844,0.185534050003852,0.080375280133512,0.0716665067910026,0.158464831598483,0.0810767618701808,-0.0874671039636551,-0.36630258496997,0.200034433315597,0.299453554492311,0.00704610260450977,-0.186966996932083,-0.141834705543634,0.116627724765421,-0.0667679210000217,0.121564320518958,0.0417555872548194,-0.352225903125466,-0.263818965490216,0.131850008227621,0.110487898172929,0.013178770218756,-0.0120402324314893,0.104031207952851,0.017782840926184,0.240763093746724,0.29475423981155,0.0580884892800824,0.277736496034816,0.141804828766249,-0.215484844080185,0.334405222804802,-0.358796677144942,-0.200480811513822,0.281365870001601,-0.305388990083451,0.256604606168063,0.00200168192470834,-0.132306551034358,0.0549446356500904,0.000449228204177131,0.0161591918598542,0.105741605879722,-0.182123855004396,0.0823919904919314,0.168667373449854,0.152719136569573,0.140992190888468,-0.0900998204633821,0.105875089407634,-0.190069062850984,-0.267869605304575,-0.194678496118123,0.10390305206394,0.0418993286222407,-0.0379591251328121,-0.17965541158024,0.0272164692077429,3.92904860212459e-05,-0.277230404373744,-0.250712878680083,-0.18385294626573,0.153296064941034,0.0822250029430622,-0.0197143253800565,-0.145262433368956,0.0401084015662248,-0.301586007282891,0.280856698821672,-0.00684089069875798,0.302070849999752,-0.21271556695081,-0.229767431185153,0.163996078751952,-0.0110684186764627,-0.027409098612096,-0.285942667886007,-0.325714931079719,-0.296140837615331,-0.204538560656394,0.125059360068466,0.120724207089648,-0.117061106453375,0.220598606130287,0.0410888650583539,0.201451510095323,-0.0420909281996562,-0.0132891490114297,-0.0794415593334577,0.108448233206232,-0.146761468459133,0.183105339380276,-0.255522148631351,-0.289977639873504,-0.125252886115347,0.0242570234367588,-0.161982716673508,-0.190109379816524,-0.0319829625171888,0.0136452054924172,0.228360570567601,-0.0258331659175815,-0.00883257534819977,-0.242476632867227,-0.379430756601856,-0.255919523932635,0.177938577708626,0.208253144757896,-0.202275800214523,-0.122127666195771,-0.0191377693605133,-0.331198031718555,-0.130613496972736,0.127307478702006,0.221413304698584,-0.196600095016021,-0.234895889040031,-0.0556035090202343,0.00769405683125243,0.167473276027921,-0.115541844246977,0.0434812500249076,0.060213047299295,-0.0822851512259515,-0.180601044168501,0.0304232948269137,-0.273821349473952,-0.123509985538913,0.0365112277638798,-0.233728819612851,0.0871973204518632,0.133012209936883,-0.0829360215796842,-0.220052600084519,-0.119317412092008,-0.310173425413504,-0.42491431792644,0.236766740108841,-0.00249424778990165,-0.35634476476197,-0.004550341452794,0.0443415369241817,-0.214771861361888,0.21585240596593,0.230667678649247,0.0463157168478815,-0.321426386864334,-0.0592038063170324,-0.0688400030859267,0.0094798171956297,-0.139394231367592,-0.114005101119662,-0.292550971762822,0.132634880219344,-0.352045313417479,0.0535040785245792,-0.283797231979566,0.165667545232863
0.112968971558973,0.167802774812094,-0.205130428924699,-0.138934273694574,-0.199215659544678,0.151551455709476,0.0942899339006728,-0.0584427098048227,-0.0865859035275631,0.391986756505309,0.126408503189899,-0.0748181491308598,0.025097342483987,-0.279927293116012,-0.14856209004837,-0.0248112851672339,-0.126842176470206,0.13626986803937,-0.272817455519734,-0.138535636171396,-0.0883192943228602,0.13218218793644,0.05466690497984,-0.24542043769014,0.120259169276494,-0.048840695239637,-0.219765086278561,0.25638232673538,0.19427031916625,-0.287262144597717,0.00774902717937534,0.084228707981601,0.0183603363711935,-0.033921336747145,-0.0081793509179547,0.0773362918241888,0.02041493006948,0.241436395466358,-0.138470964507398,-0.0391642709867471,0.190045477638622,0.110031946002591,0.0962593141229327,0.19564255444139,0.099624132970505,-0.0750088886452191,-0.347171848909776,0.21095033005063,0.32224919640933,0.00526471030644217,-0.207930684855498,-0.121632308670874,0.147558476762721,-0.0519007380664807,0.140024104608196,0.0650251205370268,-0.387273251631296,-0.250187408885764,0.163209192970552,0.144667357129237,0.0116613816399239,0.0219650109933483,0.140278751679049,0.0506281438145781,0.250573608381142,0.313678682039065,0.0803539922714227,0.339093558625492,0.178632851319133,-0.247944258180925,0.392307716502953,-0.364944281086625,-0.197939458549873,0.284557013647571,-0.293979719366615,0.249992265971081,0.00288318928949532,-0.149565102065888,0.0659174167469555,0.0069969418385504,0.0427452333916982,0.129739134725818,-0.180401092624582,0.128519136122684,0.1803567848755,0.166389559010516,0.179751724436291,-0.0672265055690847,0.136096909496216,-0.183508414577273,-0.290807694185677,-0.176321986191066,0.13305794721404,0.0607186963905278,-0.0273361845005358,-0.188680067359584,0.0143181050540091,0.02346981996333,-0.261654533179525,-0.278456984131449,-0.18827634941051,0.174612778405803,0.124840015138389,-0.031322357002611,-0.138883013900491,0.0599563358570103,-0.305024660448263,0.325213474780489,0.0184809998950416,0.284174254113414,-0.195105139915282,-0.236196292884267,0.212728338056185,-0.00276201274006433,0.0259872655549378,-0.299162060486633,-0.334623929934434,-0.281826875805894,-0.202861260323683,0.118872085647682,0.109523380524682,-0.124164661294411,0.242098228368719,0.0806835368070057,0.218286072051198,-0.0311939520459472,0.0171060598169996,-0.0810196428543691,0.127623034850033,-0.147790087890674,0.23980653054575,-0.257721840670626,-0.284947997927952,-0.0926094662071571,0.0147380676454987,-0.169800011358294,-0.196449558330954,-0.03119396632943,0.0572202794153567,0.262515754005012,-0.0117762853382553,-0.0160752110037143,-0.251979447338724,-0.383517707676671,-0.253710970533132,0.206153843532923,0.218220290623779,-0.194505248885875,-0.101455530463162,-0.0361710938110895,-0.33515689120416,-0.144473568620819,0.146153142483225,0.21699672661164,-0.208628104610918,-0.232462728152947,-0.0533369201154848,-0.000203438798746063,0.18043656049338,-0.091100865383418,0.047203745841942,0.0533436586359987,-0.0585699754004345,-0.218031069625026,0.0331797005904723,-0.288101443908811,-0.126213323376092,0.039322898365563,-0.235559169714717,0.126012481224204,0.14062603409163,-0.108325425682573,-0.21077059976906,-0.120734465667227,-0.3155070355751,-0.436342928213454,0.263864777441315,0.0120009249682706,-0.355816155049215,0.00698119080810533,0.0620603654277671,-0.185470258883546,0.255079160253419,0.238925961155911,0.0564671603458581,-0.328576166035137,-0.0542443649856494,-0.0313437179665296,0.0173704996761916,-0.106241160955215,-0.110705244011319,-0.313863713804491,0.176051874007503,-0.352530021623115,0.095998409041041,-0.284668471578961,0.20494729620139
0.129020704816299,0.20939950322096,-0.212838451848524,-0.123444702413827,-0.218066223391386,0.132651168272534,0.117590249971392,-0.0398992221922322,-0.0599762924585378,0.41280821712214,0.141596352950897,-0.0811791453656237,0.00977836470790368,-0.27515828964788,-0.131782351927693,-0.0266073035574679,-0.145800953821709,0.124669982638105,-0.280889101423363,-0.155792894428863,-0.0937588961175497,0.150665431121966,0.0581375760525917,-0.239352319866221,0.157226057546996,-0.0205590394657891,-0.1994233331808,0.284230963549441,0.22544892831418,-0.312334538054233,0.0170067810550723,0.104535754377104,0.0287161472133165,-0.0495387463983775,0.00273183686961049,0.118543788336823,0.0142581742480342,0.244768558947789,-0.171891722725788,-0.0455207255499446,0.192294839121031,0.139746480975036,0.121008631021405,0.232689032770056,0.118575413623566,-0.0626557584857784,-0.327258647543556,0.221636676783877,0.344312748843152,0.00235271003545228,-0.228227375505529,-0.101965959372945,0.177543269057039,-0.0366076945406877,0.157643182302804,0.088155175315078,-0.421631096330294,-0.235986848013444,0.194420141179347,0.177579266433311,0.0107078281883029,0.0559040696082974,0.177159104874797,0.0829507756934801,0.259564455364595,0.331136081205161,0.102864213962057,0.400467489941626,0.215568450767261,-0.282214619247745,0.449793352574025,-0.370919794999559,-0.195307754566302,0.287587796393106,-0.282480182705471,0.241779586154661,0.00323685113328921,-0.16633473544148,0.0764046732635645,0.0132179715854232,0.0688800868221095,0.153192770894762,-0.178805044919619,0.174294153956652,0.191186587202647,0.178734188939023,0.219225846945724,-0.0433974549773898,0.165217714041083,-0.175985934984869,-0.312463622975922,-0.157490804699973,0.161156288867225,0.0792672149099484,-0.0165978632660743,-0.197630734763228,0.00149523890447016,0.0458709282164898,-0.246607971034127,-0.306705154112137,-0.192698540648472,0.195895361731941,0.16902057839415,-0.0426293759377905,-0.132966689539974,0.0791243767410202,-0.308659995603435,0.370064683106173,0.0441296144835374,0.265468647034205,-0.177178347232402,-0.242500726209883,0.262386025368066,0.00538228566305161,0.0790930179352808,-0.31182961081864,-0.343457927035208,-0.267716537267446,-0.200903230459115,0.111344840554839,0.0985751479253777,-0.132893054932812,0.262655677484468,0.120316475204878,0.233935714714682,-0.0208769131829292,0.0472715716531252,-0.0824232405528043,0.147439580437246,-0.148358254168098,0.296477753514709,-0.259558748198336,-0.280691030674907,-0.0593675224200292,0.00588667768228422,-0.177479650896973,-0.203463142130364,-0.0312448396695649,0.101551840509388,0.297639471982684,0.00203514682823114,-0.0243503335648944,-0.258948296316323,-0.387412529111998,-0.25082100338125,0.234570181543421,0.226915234637085,-0.186995659788852,-0.080647150491303,-0.0544185504339765,-0.339043019865659,-0.158526273302407,0.164200460288425,0.211761880534403,-0.21905715974066,-0.229482241210025,-0.0504589426434061,-0.00821761471209455,0.193537358013178,-0.0664149525999405,0.0515957847820408,0.0469803624389773,-0.0350987546681035,-0.255957082704294,0.0357327128222417,-0.302605893629152,-0.129641455120074,0.0417720516644347,-0.237791586955203,0.16433153215626,0.147753571543111,-0.134488809809433,-0.201177221190448,-0.122443858442661,-0.320830899547243,-0.448109687544663,0.290471184889896,0.0261214051729849,-0.354716073995495,0.0189036646248533,0.0789543090659623,-0.155854848504094,0.294362708840432,0.246614744186082,0.066345033664183,-0.335468200865045,-0.0490472818258294,0.00600046094866097,0.0250422416235521,-0.0732151694792746,-0.107800127087553,-0.335081570626892,0.220468605686596,-0.353044724359078,0.139092919580806,-0.285614329399576,0.244121706356463
0.145386373592689,0.25085444888073,-0.220891749129072,-0.107493585472091,-0.237839586887527,0.113110004226854,0.140170783383769,-0.0216381809160019,-0.032547930329203,0.433244026731866,0.155407067555213,-0.0879217683312944,-0.00572166258268945,-0.270722964920906,-0.114949018969161,-0.0281090341248566,-0.165198892768328,0.112829382537343,-0.288276602964098,-0.173084542785428,-0.0996191913645777,0.168867257477097,0.0612106290334038,-0.232855286648922,0.194749380689158,0.00734505966702365,-0.178213943419607,0.312028219001986,0.256987435104245,-0.337750447999756,0.0260488392740743,0.124291292452081,0.0388614845305432,-0.0659688822717689,0.013648857101754,0.159600291305043,0.00841850468054681,0.247080360997509,-0.206520649649603,-0.0532529421024889,0.192712733871399,0.169358758580971,0.145871278861869,0.26955142742274,0.137816855218404,-0.0504052941638096,-0.306710878778806,0.232049376902018,0.365690798217681,-0.00165368048723342,-0.247896668645419,-0.0829525286052299,0.206610496587163,-0.0209879641668915,0.174441385891655,0.111168435571659,-0.455402313470048,-0.221332728704294,0.225463635494303,0.209403456905193,0.0102383682403932,0.0896176978203124,0.214679198263074,0.114758888300096,0.26793477597936,0.347366372547379,0.125617978736894,0.461805580266211,0.252604304524234,-0.318075840767102,0.50697690686203,-0.3767140551264,-0.192517713691261,0.290460054951963,-0.270863915299112,0.232183508090138,0.00312546591733463,-0.182685729330239,0.0863651094351695,0.0191134996153464,0.0946535989127059,0.176128063765515,-0.177361420715441,0.219740512096319,0.20126719331398,0.190073262311184,0.259309637382844,-0.0188025002310796,0.193393239575315,-0.167528303611431,-0.333057723794807,-0.138248114256662,0.18825875254148,0.0976122839102062,-0.0058642443125666,-0.206394876648661,-0.0112766464145624,0.0674084646862685,-0.23197778951658,-0.3354438836665,-0.197228528625767,0.217309496120238,0.214543226904679,-0.0535995102856602,-0.127435454486522,0.0976017625147353,-0.312564293822482,0.415394997943168,0.0698834694878726,0.246097804409382,-0.158905538259852,-0.248759195973687,0.312788743681982,0.0135207509153482,0.131940033923995,-0.323937544767287,-0.352244195362432,-0.253894101619305,-0.19866437298857,0.102576084590722,0.0878100223887805,-0.143210649688905,0.282471636064749,0.159873232124184,0.248607734532257,-0.011289337333231,0.0773135144986695,-0.0837927149063576,0.167811236889481,-0.148522640019242,0.353069401216801,-0.26110669184421,-0.277233427249367,-0.0256438504447946,-0.00239086250769096,-0.184964054146271,-0.211008142597376,-0.0318682475501151,0.14641458359851,0.333557304074594,0.0156732444541026,-0.0334512920885354,-0.263974369705919,-0.39106861011456,-0.247291308042107,0.263175138925547,0.234498649276986,-0.179689250574681,-0.0598234539135193,-0.0736480780294226,-0.342854790491543,-0.172831451615478,0.181471071250575,0.205847368500803,-0.228211590048338,-0.225977330730724,-0.0469658410227722,-0.0164115216758599,0.206687863417072,-0.0415490608182834,0.0566729726452262,0.0411212690378553,-0.0117734490874515,-0.294398134093102,0.0380678398730684,-0.317340780716572,-0.133702704960355,0.0440212278897119,-0.240432010376438,0.202191237895827,0.154440910253225,-0.161245165985171,-0.191323266800001,-0.124434062227726,-0.326129338509087,-0.460119986984344,0.316534500824344,0.039912547578533,-0.353121404156761,0.0311094691914231,0.0952716469713953,-0.125980017626301,0.333724456951261,0.25385253864373,0.0759900678510844,-0.342195049413529,-0.0436175102679748,0.0432415038018843,0.032381153422717,-0.0403299616555338,-0.105283853293419,-0.356092486638919,0.265776618848902,-0.353587500573229,0.182632750678785,-0.28659673773251,0.283260266257228
0.162017668500254,0.29221068536449,-0.229125127587214,-0.0911804815034134,-0.25852253674332,0.0929755754429344,0.162064303090257,-0.00361722129740593,-0.00437560331388099,0.45339336409173,0.168056667604159,-0.0950199350487252,-0.02141480904419,-0.266566791826324,-0.0981610074749076,-0.0294150875113689,-0.184944868237807,0.100942798882938,-0.295113079847949,-0.19043264506143,-0.105870510007088,0.186834490048797,0.0639925128746356,-0.225930442966757,0.232709088713515,0.0348012222298827,-0.156180036975086,0.339886591969046,0.288698053816181,-0.363422559257684,0.0348297923790976,0.143609640799975,0.0488382306560593,-0.0831799418400277,0.0244886163591211,0.200584352358143,0.00279224694561393,0.248514487764032,-0.24215853267797,-0.0621774526164367,0.191678494691102,0.198754728445685,0.170796865376179,0.306204563220875,0.157260431567666,-0.0382214926454548,-0.285674048223816,0.242176571552221,0.386462438176993,-0.00671126236470696,-0.267022251576411,-0.0646206505816941,0.234855595691651,-0.00513909778360807,0.190506063016008,0.134077451255674,-0.488707927221157,-0.206327007519399,0.256316070508253,0.24033501651303,0.0101279795912327,0.123024103350991,0.252828444703589,0.146124930660351,0.275887528358795,0.362658682081502,0.148586376394897,0.523029122614004,0.289711631332664,-0.355265003516585,0.563967794685707,-0.38231884581474,-0.189497665025608,0.293165706980897,-0.259117314111739,0.22145489758588,0.00263029990338752,-0.198669839187387,0.0958004840881423,0.0246805630591689,0.120160087752348,0.198562247187101,-0.176050353549718,0.264900921139157,0.210742134664187,0.200717864004859,0.299916056755706,0.00638908043255553,0.22080381740793,-0.15820366014034,-0.352820654029518,-0.118674450241137,0.214480991402343,0.1158282136594,0.00477657002290086,-0.214906113965188,-0.0240236078805148,0.0882815733253942,-0.217650353133795,-0.364647765614325,-0.201963486698157,0.238984586656229,0.261113755165234,-0.064221549853189,-0.12225981749125,0.115410586356686,-0.316762577493516,0.461165249632087,0.0955611598396069,0.226227960331613,-0.140298648440414,-0.255017261279872,0.363727120547816,0.0217677214834916,0.184586639948617,-0.33550763179603,-0.360988506570831,-0.240382882575354,-0.196165752927652,0.0926874607418189,0.0771841433842913,-0.154938160903962,0.301771670647071,0.199272062317344,0.262500094296957,-0.00250220161501428,0.10731863230116,-0.0852383685601753,0.188629531637988,-0.148386708348182,0.40955498627514,-0.262428262867876,-0.2745412384203,0.00844610125597802,-0.0102058156872547,-0.1922344525306,-0.218867863509507,-0.0327886646196163,0.191616878954563,0.370065620914675,0.0292247787083448,-0.0431681995684596,-0.267605065821277,-0.394462076758601,-0.243201725383943,0.291935479542073,0.241169860847138,-0.172509686197712,-0.0390416103498812,-0.0936205679405989,-0.346588042007307,-0.18742669799964,0.198058165941419,0.199403271473304,-0.236404674919497,-0.222011229461064,-0.0428795093401653,-0.0248131287551142,0.219783135767335,-0.0165164304328236,0.0623883303117773,0.0357037822756388,0.0114988702495769,-0.333340703522562,0.0402161229424051,-0.332277370273144,-0.13826816873933,0.046234918414113,-0.243414879890736,0.239632964411417,0.160733815023336,-0.188430014751232,-0.181245384246711,-0.126691014003658,-0.331381130360452,-0.472235847551999,0.342049713430704,0.0534264635042121,-0.351102866610006,0.0434880629191264,0.111258155782043,-0.0958969625038419,0.373181041388332,0.260747627984198,0.0854650554624929,-0.348803354070862,-0.0379702201311332,0.080471606348877,0.0393107787623396,-0.00757056555512471,-0.103103022556578,-0.376824575740454,0.311890210928314,-0.354151454930709,0.2264795188698,-0.287570255473716,0.322373823748979
0.178848317417776,0.33351988665978,-0.237390308026607,-0.0746120513999489,-0.280026574207948,0.0723353628360301,0.183348527440419,0.0142378675585041,0.0244478176849456,0.473321285847329,0.179815342740952,-0.102416677168498,-0.0372755821349629,-0.262610324094642,-0.0814981180002806,-0.0306070271650522,-0.204933728361473,0.089140845315585,-0.301528293607516,-0.207852853316867,-0.112451185168619,0.204660469894109,0.0665588673303111,-0.218603603109778,0.271009460970105,0.0618273025285155,-0.133429471223738,0.367900830450559,0.320448256830586,-0.389283865335528,0.0433728326165488,0.162617492886309,0.0586744396704286,-0.10109753207244,0.0351956092328914,0.241587580040142,-0.00271450432470007,0.249230673561721,-0.278586532817416,-0.0720757473189827,0.189545541482767,0.227879941708833,0.195735812932029,0.342663631534292,0.176841391336757,-0.0260279952767556,-0.264275973681761,0.252032101567119,0.406737343296718,-0.0127302402108061,-0.285715651476131,-0.0469108851647215,0.26241951426576,0.0108463315809244,0.20597178501447,0.156895561965673,-0.521674733388102,-0.191052924250656,0.286948217012958,0.270563299270334,0.0102601229516324,0.156105545597902,0.291573450941629,0.177146091519811,0.283597088324316,0.377296960373957,0.171720195352483,0.584064432226713,0.326849173075849,-0.393487717432116,0.620859446406041,-0.387750037157989,-0.186206250539585,0.295710331740717,-0.247238057906851,0.209839199099786,0.001846414018008,-0.214315342873243,0.10476613992181,0.029940122649181,0.145502629453622,0.220510453936405,-0.174826343200012,0.30981910206379,0.219774524473874,0.21094876910887,0.340953942439635,0.0320251154315356,0.247650717811004,-0.148126307586721,-0.371945274255096,-0.0988612928507145,0.239981644073694,0.133978915418624,0.0152740861207273,-0.223159423726611,-0.036771146841812,0.108706239743493,-0.203518970760255,-0.394229877946332,-0.206963921923355,0.260986555997126,0.308419817324421,-0.074518275523684,-0.117416204848231,0.132619731830988,-0.321214989070176,0.507317523993376,0.121069159252078,0.206020635788056,-0.121430299311202,-0.261318592161152,0.414990546092626,0.030178924703181,0.237101020082028,-0.346605451462673,-0.369681348586073,-0.227149749271317,-0.193437794295398,0.0818469746114371,0.0666853522283384,-0.16779869176539,0.32076310604985,0.238479662519411,0.275803172797028,0.00552186912859288,0.137348356438422,-0.0868465897454885,0.209765739372149,-0.148053476161471,0.465930962624102,-0.263562131640101,-0.272516736040099,0.0427986092432712,-0.0176811925914817,-0.199316925690583,-0.226817828487817,-0.0337826149291765,0.236998710382335,0.406953478056691,0.0427733805051747,-0.0533105350456664,-0.270299580247583,-0.397592174775631,-0.238673030455192,0.320800530224962,0.247143700038691,-0.165382540329436,-0.0183065747607841,-0.114098376861692,-0.350231387238864,-0.202325455155816,0.214105489268048,0.192579491592832,-0.243934574646717,-0.2176497439984,-0.0382613441343476,-0.0334126190258721,0.232732461062838,0.00869876184261695,0.068644052328419,0.0306275040734477,0.0348068192599426,-0.372713185847763,0.0422446365469837,-0.347352143333905,-0.143185931608023,0.0485418845911907,-0.246638477446519,0.276722273737614,0.16668222417885,-0.215899481823601,-0.170986466614378,-0.12918787317772,-0.336560535669177,-0.484306254805155,0.367059774946994,0.0667315763284976,-0.348736664561785,0.0559259259943258,0.127116196102523,-0.0656466440316861,0.412750455516787,0.267382840289099,0.0948342850765678,-0.355303942901583,-0.032126659689519,0.117782933663,0.045815392609981,0.0251078179781841,-0.101170603388944,-0.397251357146963,0.35870719500914,-0.354712348997337,0.270506607736402,-0.288478477264334,0.361445116115722
0.195817515206768,0.37481797044867,-0.245576863938249,-0.0578749290524357,-0.30218535701022,0.0513074325720116,0.20414286951292,0.0320128449187643,0.0538125946669935,0.49306374954051,0.190962434484363,-0.110031107401456,-0.0532676938305563,-0.258772234632063,-0.0649988019826149,-0.0317460156164129,-0.225062778575938,0.0774694881302219,-0.307646469352181,-0.225338921948896,-0.119292819551617,0.222445034539052,0.0689475450251446,-0.210927589551449,0.309572535963023,0.0885141581975573,-0.110116530517523,0.396114457333442,0.35216213941055,-0.41528629269902,0.051721328131791,0.181432829219118,0.0683906132372271,-0.119589920618778,0.0457671266776916,0.28267957383267,-0.00817927832468024,0.249391076993772,-0.315589282221801,-0.0827035861141444,0.186642879869843,0.256746987603973,0.220647322422243,0.378982174607269,0.196504535372957,-0.0137429096692085,-0.242613917286364,0.261649939472973,0.42664447007304,-0.0195590735133317,-0.304090466765849,-0.0296985042034926,0.289462651638706,0.0268893358552924,0.220985888037173,0.179643335742295,-0.554417273388841,-0.17557090248561,0.317347615765403,0.300268275338084,0.0105511371303189,0.188893878296352,0.330845822687063,0.207909304095676,0.291192222734423,0.391523143160749,0.194968692780416,0.644881059157268,0.363980341488545,-0.432443738618176,0.677717499202855,-0.393058867143254,-0.182657681473511,0.298130056792303,-0.235237623509321,0.197557562297279,0.000862521002561582,-0.229650353564918,0.11336224652038,0.0349469645969022,0.170773756706728,0.242013399269027,-0.173648970428257,0.354531562045613,0.228524042483143,0.220991110488389,0.382320880190301,0.0579627180955011,0.274123130485424,-0.137450039641124,-0.390578323376868,-0.0789014221053807,0.264944694788286,0.1521086470351,0.0256126246832122,-0.231204884663361,-0.0495390756374193,0.128890185604814,-0.189492410787502,-0.424061766995941,-0.212236121284002,0.283308193667203,0.356184977820104,-0.0845471541241575,-0.112851324594529,0.149360359221401,-0.325839281144314,0.553779392200398,0.146398893397184,0.185600158799027,-0.102413083655004,-0.267707998514706,0.46640098687543,0.0387590874837242,0.289542223874341,-0.357338605125031,-0.378318094206035,-0.214120030512569,-0.190511892659437,0.0702721879058124,0.0563195188261219,-0.18148875112619,0.339601291081418,0.277509107732943,0.288691123924579,0.012907788835607,0.167435973405043,-0.0886661733888167,0.231093991821603,-0.147595397034832,0.522213777852612,-0.264535304600936,-0.27100943758667,0.0773255650721893,-0.0249403078883544,-0.206263793624885,-0.234692918302358,-0.0347202845898134,0.282439822770983,0.444039712210118,0.0563859918166964,-0.0637264087516815,-0.272412106286395,-0.400491873383311,-0.233852756281681,0.349716746320385,0.252626066655424,-0.158248369578848,0.00240682866273498,-0.134867343929844,-0.353781761600931,-0.217508537649816,0.229768694565332,0.185505873547841,-0.251062484851016,-0.212951757828291,-0.0332176564889789,-0.042170152079368,0.245488841469128,0.0341107364008731,0.075303036986268,0.0257725663859221,0.0582189271893448,-0.412400192479142,0.0442314620752671,-0.362487209800214,-0.148307586779587,0.0510043678155017,-0.250010216027433,0.313550316854231,0.172335958527155,-0.243532701502753,-0.160599811734313,-0.131884270560985,-0.341654481495348,-0.496210715413774,0.391645346144695,0.0799021960991548,-0.346112406002665,0.0683286485751542,0.142972835419143,-0.0352609794019718,0.452447835522103,0.273815401785513,0.104149483558707,-0.36170098060743,-0.0261198672528914,0.155224364863291,0.0519486435157261,0.0577632354393221,-0.0993929453973613,-0.417391956614064,0.40609420860956,-0.355238436183653,0.314607968769766,-0.289266214359026,0.400463720567955
0.21287716104215,0.416117064128158,-0.253642719970907,-0.0410274996777481,-0.324788932059898,0.0300232850159692,0.224591676091724,0.0497756695987431,0.0835922317831743,0.512657190365429,0.201739619105599,-0.117783754195479,-0.0693610197587261,-0.254990403846234,-0.0486502634229815,-0.0328709369798172,-0.245255348062968,0.0659082889775082,-0.313583739348545,-0.242870304630548,-0.126327945514917,0.240240398908803,0.0711855390155958,-0.202983961923907,0.348327395477958,0.114976980514997,-0.0864142605507629,0.424507725141039,0.383815568713958,-0.441394021706291,0.0599096781766977,0.200144770072422,0.0780114723837821,-0.13848672935436,0.0562380476365336,0.32388258047789,-0.0136491130280255,0.249158532508826,-0.352974639518383,-0.0938228243899883,0.183251225253376,0.285416688263823,0.245511208658114,0.415229419778013,0.216206190704369,-0.00132823077410768,-0.220761970352157,0.271082113673948,0.446313559273352,-0.0269978340824329,-0.322248642395838,-0.0128277214534579,0.316147727971617,0.0429397395237858,0.235683681219207,0.202339308767363,-0.587023468599089,-0.159930540727104,0.347539051173884,0.329620373741787,0.0109399887828615,0.221454523724668,0.37053011844451,0.238484065435117,0.298754131772301,0.405522409354331,0.218288679384931,0.705506413533777,0.401082246156106,-0.471862668627966,0.734577564353193,-0.398311364542475,-0.178914516739147,0.300478372924556,-0.22314369784959,0.18481292636104,-0.000258305345049307,-0.244728636751976,0.121709361625416,0.0397796855055226,0.196031461836115,0.263155177936848,-0.172498359824799,0.399075062187088,0.237122499149001,0.230986622183182,0.423914531527794,0.0840708272496579,0.300368212209313,-0.126346868190363,-0.408845417757947,-0.0588742817110632,0.289556418335711,0.170237908276109,0.0358101068862627,-0.239120223759903,-0.0623349351144164,0.148986889184167,-0.175508582364022,-0.454029494969352,-0.217731913451925,0.305876403871968,0.404198657914289,-0.0943868866244024,-0.108482482537498,0.165800903549797,-0.330552736416134,0.600471089697296,0.171590307141064,0.165053349974871,-0.0833504137432006,-0.27420723778635,0.517838975481542,0.0474824894818753,0.341944654271562,-0.367835001076434,-0.386909476862707,-0.201204242628124,-0.187425477166981,0.0582018319742573,0.0460866397435898,-0.195732689275762,0.358387316281155,0.316406757550775,0.301310963509891,0.0198218121084938,0.197584655695141,-0.0906926760143323,0.252516309481681,-0.147055795769185,0.578426467143823,-0.265380154570598,-0.269850974769139,0.111954558998625,-0.0320853452751901,-0.213128347928784,-0.242421669473096,-0.0355625053182035,0.327867004866984,0.481207497118845,0.0700998168060635,-0.0743045614100976,-0.274192995282286,-0.403228491634977,-0.228885789386926,0.378640798250806,0.25780029843594,-0.15107808672482,0.0231287893740066,-0.155760033560398,-0.357254065386952,-0.232920419290943,0.245182830158459,0.178282641859515,-0.257984910068671,-0.207985607266647,-0.0278861238979839,-0.0510275189810046,0.258056667529957,0.0597092148312246,0.0822124262334891,0.0210233773960995,0.081759712720052,-0.452279805414371,0.0462376993560929,-0.377620665921273,-0.153519236169372,0.0536137386147891,-0.253465474970195,0.350208478663594,0.177751414072778,-0.271237851514347,-0.150136046839999,-0.134731355311603,-0.346670096398285,-0.507899872477787,0.415912443530248,0.0930015907534247,-0.343327154707234,0.0806459412084299,0.158881165145008,-0.00477888314761734,0.492272122293372,0.28009662697512,0.113441737767317,-0.368015448684783,-0.0199979770730445,0.192788421179031,0.0578142751598648,0.0904396955783432,-0.0976954400001361,-0.437307613468723,0.45388685056911,-0.355713370922209,0.358715306685323,-0.289904959396566,0.439440481195156
0.229947996282224,0.45733855262999,-0.261574056906194,-0.0241147599841024,-0.347583612707708,0.00861387497577889,0.244794182980639,0.0675374011282485,0.113616477694008,0.532076038710379,0.212294535736221,-0.12559649909496,-0.0855081383596713,-0.251196579425686,-0.0324095642386397,-0.0339955005824632,-0.265426381553424,0.0544108823027515,-0.31938850755759,-0.260384179483854,-0.133469424800473,0.258003874317001,0.0733040688181925,-0.194849578541761,0.387135166838164,0.141283943974079,-0.0624882696759498,0.4529469048799,0.415348420544716,-0.467500315623825,0.0679580899867596,0.218768833497807,0.0875511397088802,-0.157591734411883,0.0666348148646118,0.365105173498415,-0.0191331974834312,0.248656599730404,-0.390514304198346,-0.105213060721602,0.179561571944167,0.313906124302346,0.270284605923605,0.451383794305282,0.235881302937259,0.0111888198872137,-0.1987729845999,0.280351335469283,0.465785863378725,-0.0348207103099246,-0.340221565255517,0.00384047129649278,0.342562845240104,0.0589633664436873,0.250142470906562,0.224953450920248,-0.619457289368607,-0.144171913604131,0.377517177753608,0.358708119457802,0.011376384793196,0.253817235525941,0.410406313485558,0.268879346087171,0.306277164284867,0.419358086387603,0.241602731201973,0.765875556501091,0.438070951648763,-0.511446957849993,0.791321252246461,-0.403501819465035,-0.175035467257449,0.302760840356106,-0.210972568549598,0.171775222839186,-0.00147471538228473,-0.259589999578669,0.129895723977388,0.0445110637119564,0.221257052681214,0.2840017245984,-0.171345430037649,0.443415819468777,0.24562053045076,0.240954474684237,0.465565849784851,0.110221630062614,0.326431824714529,-0.114971425322825,-0.426807944859726,-0.0388367188268989,0.313923992387505,0.188336165408032,0.0458967060021265,-0.246941517720435,-0.0751380303698989,0.169037236385833,-0.16152428712484,-0.483985061930165,-0.223342591827471,0.328532789733777,0.452237857019673,-0.104097665423661,-0.104215154018937,0.182058410937565,-0.335253258859404,0.647205670183881,0.196657351369217,0.144436924258457,-0.0642989068026625,-0.280761988620469,0.569148815325143,0.0562985371012542,0.394240888214762,-0.378156246448526,-0.395419015628428,-0.188312483638201,-0.184205172329442,0.0458501706347477,0.0359639190770056,-0.210273748302926,0.377121093451401,0.355165256718752,0.313727666880516,0.0264234075847684,0.227730135917789,-0.0928604151741692,0.273927882406845,-0.146448937741013,0.634477691029369,-0.266105585279545,-0.268857689618083,0.146592156710422,-0.0391727431051003,-0.219919099163622,-0.249976948193057,-0.0363191420771877,0.373179001611329,0.518319738249669,0.0838942423379445,-0.0849534950880531,-0.275767142217786,-0.405824394959522,-0.223853707911384,0.407481261196574,0.262779263820736,-0.14386161920231,0.0438588397631203,-0.176641965102378,-0.36062679826321,-0.248444863977576,0.260410162849114,0.170965674938904,-0.264784914636513,-0.202815366548704,-0.0223999350765384,-0.0599127634328318,0.270438153737028,0.0854279522681953,0.089224803231057,0.0162979111943959,0.105379104016693,-0.492171810426584,0.0482829600279196,-0.3926668083793,-0.158735183713815,0.0563106855122236,-0.256926956667558,0.386698175164507,0.182974627993326,-0.298906660974809,-0.139620035793974,-0.137657441391815,-0.351578370347711,-0.519330583820721,0.439906817305948,0.106051820516281,-0.34042532796625,0.0928587602119237,0.174812961176194,0.025732411981031,0.532107264215083,0.286241901359998,0.122700796650759,-0.374232934906547,-0.0138146451583696,0.230385102199407,0.063515783611259,0.123119625885187,-0.0960219392043283,-0.457011002739035,0.501822537197878,-0.356098666997462,0.402727529130176,-0.29037373663485,0.478315431634422
0.245753004296274,0.495884794820734,-0.26819582265105,-0.00735133531757908,-0.368595172006478,-0.0125120266620041,0.263500756152516,0.0847159861390068,0.142774845215584,0.548829323921292,0.22167989400712,-0.132776831479835,-0.101050007595573,-0.246389919515014,-0.0163634070313721,-0.0349632759452313,-0.284115751814575,0.0429054597873708,-0.323688483353248,-0.276487705459331,-0.139981817901882,0.274346274491123,0.0750136332530349,-0.185936764300561,0.423669238381384,0.166473209263163,-0.0386035706620825,0.47900306139332,0.444520757855447,-0.491184814754079,0.0754925022820809,0.236107185152317,0.0965135847870651,-0.175799017101026,0.0765349554533879,0.404091175456094,-0.0244544678262415,0.246983057770399,-0.425830936226282,-0.116095610994672,0.175032583045297,0.340487868206469,0.293442721280528,0.484981381326151,0.254206477848921,0.023503549166465,-0.176248754158947,0.288193183955104,0.48286948523936,-0.0425574159251297,-0.356353063355303,0.0201195428977686,0.366946653323821,0.0744462525417767,0.263173417242025,0.246178483205275,-0.64863144345377,-0.128007595490691,0.405273448678724,0.385658855036045,0.0117729423507478,0.284452635894746,0.447958022553975,0.297518342656043,0.312364949818798,0.431118638805472,0.263488435305929,0.821847185101158,0.472504504770627,-0.54825749129978,0.843695745566739,-0.406879482898527,-0.170421904704739,0.3037021356422,-0.198081709223808,0.158095390469118,-0.00272400473742852,-0.272986829869427,0.137319737604981,0.0489357257480762,0.245107268141374,0.30313141088336,-0.169488455501917,0.485012354574775,0.252894440293856,0.249725804804466,0.504566717328743,0.1354611007085,0.350582371173018,-0.103168338510745,-0.442501907395785,-0.0189840489142437,0.336441300851446,0.205312077126169,0.0555576200789026,-0.253552432507393,-0.0874103959397341,0.188016157616155,-0.147091620371952,-0.51137150446457,-0.22796974786839,0.349440206342778,0.497533976270092,-0.113143100259783,-0.0996252144226993,0.197194639200996,-0.338437268576061,0.690429635710526,0.220404069984582,0.123538610459274,-0.0453182159613859,-0.286053539454732,0.617088922636813,0.0647813757852937,0.443912879251318,-0.386629890451922,-0.402071083417739,-0.174839469571222,-0.180188735051175,0.0333884401075258,0.0259288361962641,-0.223826658552979,0.393935988161928,0.391699485015722,0.32450250621662,0.0326338274311361,0.256392699655865,-0.0946756293370754,0.293801662041398,-0.145203476375123,0.686797983472274,-0.26563429209039,-0.266815885887404,0.180009231186728,-0.0459514925609783,-0.225630242040519,-0.256238769393176,-0.0368587170924516,0.416061348155535,0.552576362921719,0.0971536469884172,-0.0950938083168359,-0.276054446281095,-0.40659883491073,-0.217958869938854,0.434051505691835,0.266484273682568,-0.136139078127672,0.0640629630117858,-0.196390759001618,-0.36236648614267,-0.262713268000411,0.274184556253049,0.163014552649211,-0.27030270015006,-0.196771627429453,-0.0168519691111661,-0.0683870766887071,0.281358439638339,0.110417989394723,0.0957670493935006,0.0115722112444807,0.128193512200789,-0.529295448493891,0.0501254385715892,-0.40573881597716,-0.163184746567144,0.058762679367473,-0.259239119775398,0.420842649106405,0.187233369395377,-0.324806000445182,-0.128670087076522,-0.139991725768698,-0.354853605752126,-0.528219986875646,0.461492908280945,0.118412979311276,-0.336093155099782,0.104405276080638,0.189751482510879,0.0556154902610089,0.569022399290367,0.291003667348336,0.131260677359247,-0.378722033954878,-0.00765556334475936,0.266379954728743,0.068781324444819,0.154732725895267,-0.093979399529878,-0.474339280522702,0.546865911912914,-0.354922886021047,0.444227720335418,-0.289505240647198,0.514457582166997
