-0.119039615805032,-0.722735820955712,-0.489916522620159,-0.17019902018181,0.125877477644406,-0.140694011403276,-0.510250107507491,-0.444537889336675,-0.255240986162538,-0.979958115242777,-0.971668257253698,-0.0072771858883494,-0.263828248498839,-0.414267743648473,0.118412230335997,0.216862577376325,0.29822853311645,-0.305089754861415,0.255116498901336,0.468983732753676,0.0529220127499693,-0.309639051736547,-0.270030808704415,-0.610386386465893,-0.816515674960719,-0.887918469680376,-0.146879011529344,-0.768901582751108,-0.41470754790446,0.257538290346865,-0.249406202189514,-0.571385630320733,-0.432185027854051,0.291407188858959,-0.0749033981063591,-1.0889943619907,0.575069824033152,-1.17169291346866,-0.475765768254808,-0.297502688224277,-1.95772402039199,-0.207665059452271,-0.202681383455677,-0.786010171215637,-0.177241190322499,-0.460108368730261,0.543335530970421,-0.281324688182217,-0.722538584319869,-0.521886478884916,0.334370872455492,-0.299284551784172,-0.720009793633081,-0.196564257373068,-0.581246846422925,-0.791363052919237,0.815079190633875,0.172331855178818,-0.355090485997466,-1.01597622365124,0.116467996239599,-0.307443661425303,-0.342595285933075,-0.314837757130385,-0.636326956714788,-1.13416119179458,-0.340316070582716,-0.887631867441246,-0.552402915753481,-0.303255203383574,-1.50274209613577,-0.0170364879364066,-0.242127700297114,-0.406750664920492,-0.422908806608486,-1.00649134558762,-0.663492098424055,0.36199978106194,-0.330690327631224,-0.26562090310833,-0.602282273063136,-0.757868397191602,-0.0497900220029704,-0.990761675909039,-0.78064175731736,-0.675444378966018,-0.591783857776615,-0.0279577349794085,-1.14538077639046,0.377117456850385,0.85770845557369,0.244599020945941,-0.591028484120085,-0.481879142639912,0.0306267051265706,0.152569856288364,-0.00957432496480652,-0.707862325204151,-0.719047352748012,0.377020555219993,0.184033668113541,-0.127236678717355,-0.0894517410504392,0.0450211528643883,-0.503462185805279,-0.393164139343667,-0.211440544681427,-1.18622274066174,-0.274857796575787,-0.631427083917844,-0.204977818729247,0.25259632833749,-0.662529303703847,-0.542777230831933,-0.954250707656646,0.303090470691662,-0.278672812941233,-0.430178680165323,-0.270247454948,-0.554054922305417,0.521551185559485,-0.550012676785247,-0.921795293896835,-0.77798948760723,-0.486632661288448,-0.294011237093413,-0.359677161274372,0.31367507056394,-0.0786032605819502,0.256456273022125,-0.87879782170216,0.0884651279845385,-0.336236106240548,-0.0863025197676311,0.0897357135863355,-0.176762035514417,-0.110239543486108,-0.623011681773272,-0.245524476537958,-0.204362808120165,-0.275202948155318,-0.00292884154647859,2.16352714766906,-0.568936522375332,-0.343553239085515,-0.549571892678555,-1.09090329653399,-0.447589068978353,-0.41818622202241,-0.676872580997015,-0.453325019618955,0.388657523954258,-0.573814205296338,-0.790644702621726,1.15006664425672,-0.154007556179725,-0.309613187019691,0.121957322919988,-0.230118391489367,-0.426084970520349,0.151950786586567,0.192030031215146,-0.813196775159338,-0.102972698203943,-0.179639553032029,-0.205303193687179,-0.587736828039522,-0.211541340591909,-0.46464380446394,-0.892536095859795,-0.29734766885698,-0.662938338807823,-0.143457806001609,0.228730669147208,-0.468970902048081,-0.293792409335893,-0.496829758107193,-0.582430687046142,0.0170836663223568,-0.0305418272520409,-0.607373142835071,-0.440125238470263,-0.548260022399648,-0.2528163779305,-0.143056000213707,0.153710416953329,-0.365237845549404,-0.844182907348476,-0.0585970690383432,-0.700579552418119,-0.258972276629838,0.216607347239748,0.0918530074666099,-0.651490704023222,-0.372643856883283,0.0576786418512055,-0.706286992317656
-0.123719774806287,-0.695922744569532,-0.476355951197511,-0.179200699904063,0.131993000921641,-0.181648743078986,-0.494193743732674,-0.420550543506195,-0.26764502892501,-0.970436567678941,-0.907114465051976,0.00215419464001504,-0.276227018686838,-0.397087091938941,0.106847352815159,0.222878876642976,0.315823994232673,-0.311021019065161,0.261875790113097,0.48011050321417,0.0526889216220572,-0.295017364899861,-0.27618199871553,-0.578281401242336,-0.799448228207658,-0.833829392960279,-0.152541956304684,-0.765657270655903,-0.416692413175824,0.256168180928015,-0.232998412307071,-0.522607028472238,-0.441079537189965,0.243529496223177,-0.0764243145476869,-1.0487197181643,0.526423878117969,-1.14976699426358,-0.449727994123059,-0.268226285264204,-1.81382521407168,-0.193837866532615,-0.1887505411902,-0.766794672820222,-0.206109304432722,-0.404851982866401,0.528418748445941,-0.321377311739074,-0.73455421255206,-0.48626061591986,0.314557176120849,-0.269707424045392,-0.666607066332908,-0.182226898769621,-0.544073505425484,-0.760994270392935,0.788688727060062,0.15739219778254,-0.336108054264094,-0.972032726412742,0.0985026932613666,-0.303340174487889,-0.308972906286601,-0.276877978688237,-0.629274233541598,-1.09994296288073,-0.347048392908422,-0.86396604445813,-0.545794684420817,-0.25633085643993,-1.42930342034987,0.0136139543902772,-0.227783131742791,-0.432050909463084,-0.355673942022256,-1.00107686726732,-0.628237539412521,0.34962890231263,-0.32393980383181,-0.267178025943706,-0.557934822547408,-0.720993190751984,-0.0321135089718655,-0.964576783477542,-0.775486913096729,-0.627971558983447,-0.573661500416476,-0.00429048937789535,-1.0987179331332,0.386834635578358,0.822901528565153,0.267647316571125,-0.564993590541215,-0.483838674272043,0.0333419867190701,0.173565612848881,0.00179227537766705,-0.634085175402496,-0.66534416254032,0.386192632048803,0.189402283474198,-0.128629311391762,-0.0833779205682764,0.0335014224538091,-0.451882213649008,-0.381756531123107,-0.222127027653082,-1.13937635501282,-0.252384041150458,-0.655171467311547,-0.15346337645598,0.229164426618666,-0.632523044673163,-0.515356274391617,-0.87319291115946,0.29007412795245,-0.272931291407274,-0.429384941424734,-0.234203279858635,-0.525106324840353,0.466488307588696,-0.532876070016429,-0.893459965593579,-0.752246385914907,-0.457422796834541,-0.280624728841072,-0.304030353472115,0.253053928439946,-0.0996600140660855,0.267238669244187,-0.838451293445075,0.0868716164382791,-0.334938555316016,-0.0518541128837429,0.0376959348961255,-0.173109225553938,-0.0923965263623956,-0.584875279861124,-0.238535351201933,-0.236659426194708,-0.236362274820415,0.0240835126887213,2.02101368183969,-0.530569571746862,-0.335449926209379,-0.546913269831126,-1.0629873441892,-0.411107172205528,-0.425939096133799,-0.631208490468242,-0.44027544694175,0.369450142653029,-0.550317345270251,-0.791947652219212,1.070230747173,-0.126382439320082,-0.287393081830616,0.0930887669307439,-0.258343669312229,-0.424153058349987,0.129191685804969,0.173020494326776,-0.751698326786769,-0.114335422932086,-0.17222524012559,-0.205594431152474,-0.556339370447299,-0.207131870246679,-0.445676574460141,-0.831792701182679,-0.289941935727724,-0.655457626558662,-0.149105942358348,0.205341817931558,-0.459716606676663,-0.267364606892324,-0.498123202141893,-0.55935958539572,0.0174435100395831,-0.0512790230877014,-0.565171732703372,-0.402912568470087,-0.511618634561875,-0.276047479194217,-0.126286994977243,0.15196930615636,-0.3564016744416,-0.799655542238768,-0.0918957419394039,-0.663358387053003,-0.26326945030478,0.226254716237194,0.0657176526155819,-0.622762896614024,-0.386552477165947,0.0646052767849297,-0.676647672454436
-0.128466340734042,-0.669113672845237,-0.462598576740267,-0.188062394913826,0.138205552248212,-0.222471593473413,-0.478188426190523,-0.396526729401996,-0.280019403805248,-0.960976537699381,-0.84246382947693,0.011665480447852,-0.288179038858043,-0.3801354367733,0.0950760214097787,0.228763282239749,0.333387824873232,-0.316703139010916,0.268684759746841,0.491266816633842,0.052415096289528,-0.280316164354214,-0.282372384822566,-0.546418552503962,-0.782474789285907,-0.779765259657952,-0.158189324640486,-0.762329287933381,-0.418871699459107,0.254679702974577,-0.216515586353249,-0.473929735526508,-0.449897577522061,0.195839366287127,-0.0779223572616938,-1.00849930548142,0.477540275466181,-1.12767973379089,-0.423564738100563,-0.238906426951724,-1.66947772562626,-0.180143850322666,-0.174859862431152,-0.747632599888817,-0.235005076408911,-0.349387091871112,0.513455784841236,-0.361521546589379,-0.746572990856259,-0.450602839343737,0.294709944213542,-0.240447553804733,-0.612888152082895,-0.167793424503269,-0.507063827406493,-0.730610332931846,0.762356456491761,0.142481676122407,-0.317358558483367,-0.927959317626506,0.0804965694818267,-0.299239716329639,-0.275683707681824,-0.238978399435729,-0.622186799846357,-1.06568404232547,-0.353696969101498,-0.840406375132588,-0.539260155139981,-0.209323608821524,-1.35578359306579,0.0441526991807496,-0.213459606257395,-0.457387670416705,-0.288626439817693,-0.995623512191178,-0.592841740156261,0.33732765966151,-0.317249781815221,-0.26858242747992,-0.51351692061877,-0.684042825834039,-0.0145764160051862,-0.938291104808059,-0.770231289295059,-0.580535973166568,-0.555452086546113,0.0191643176675663,-1.05187480335812,0.396510840716391,0.78812344685895,0.290396627001904,-0.538931881475781,-0.4856474402427,0.0358708561611984,0.19477085503824,0.0129560482537853,-0.560209111398905,-0.611756314212536,0.395359158616071,0.194703240705598,-0.130100447540519,-0.0777219658355519,0.0217268196444541,-0.400490154684966,-0.370128337107572,-0.232856416293916,-1.09240105048332,-0.229803300344573,-0.678872236240367,-0.101856633342247,0.206017235017045,-0.602620883403771,-0.487908721317437,-0.792138409177752,0.277156225867921,-0.2673407740821,-0.428630691635887,-0.198252680484339,-0.496011177732564,0.411387201416762,-0.515562348668101,-0.865050236428566,-0.726469455944053,-0.428168408602222,-0.2671704621032,-0.248350105235795,0.192369042962101,-0.120767173559746,0.277835527453762,-0.797926819782919,0.085413744320301,-0.333609349613724,-0.0173787387654999,-0.0142038563716408,-0.169310307642386,-0.0742374876608673,-0.546534664736202,-0.231458384281996,-0.269043055496252,-0.197446750958435,0.0510418292509234,1.87808553962472,-0.492466777812303,-0.327541012340129,-0.544247880841599,-1.03502349613125,-0.374654807885664,-0.433885264332404,-0.585681307619017,-0.427186893504502,0.350087144417393,-0.526546686507737,-0.793038646411566,0.990201790476943,-0.0986313987170606,-0.265331779860118,0.0642156446857317,-0.286555019447108,-0.422297380937203,0.10648386214258,0.154114686623069,-0.690161014891985,-0.125592202114398,-0.164960147800264,-0.205729108541401,-0.524895814541104,-0.20269343094675,-0.42693638555772,-0.771013790790771,-0.282412818294733,-0.647859190232199,-0.15461105234442,0.181850396135087,-0.450564368076747,-0.241106966784158,-0.499353549409882,-0.536317978228197,0.0178062585660087,-0.0721428707233258,-0.522833053352003,-0.36545384912541,-0.475049306543329,-0.29925854742657,-0.109500755634711,0.150093713959754,-0.347627028628363,-0.755259750447916,-0.125218285543017,-0.62620193220004,-0.2674036124782,0.235720967446067,0.0395009332380087,-0.594206414707832,-0.400615875548868,0.0715243996257321,-0.64699182129755
-0.133344182155051,-0.642059218748573,-0.448274337108079,-0.196433411619716,0.144546206841373,-0.262807572601433,-0.462278014389235,-0.37237295731896,-0.292256344013522,-0.951687999592524,-0.777435496090093,0.0212157657341995,-0.298940733819748,-0.363790243063637,0.0827246557446057,0.234156372116629,0.350738989640902,-0.321439018536957,0.275594278846503,0.502321210850761,0.0518766496035023,-0.265497873153105,-0.288624059681436,-0.515019077761825,-0.765765626601155,-0.725827955909105,-0.163804106381313,-0.758639229708155,-0.421618621757406,0.252838124483577,-0.199914989688456,-0.425573055241287,-0.458571380444364,0.148661402950283,-0.0795314469940305,-0.96831949170445,0.428030152531893,-1.10495840194778,-0.396905155337284,-0.209583784240148,-1.52371089935634,-0.166883575491904,-0.161189229366126,-0.728595165298612,-0.264055185108016,-0.29335619749032,0.498233637295881,-0.401792710691863,-0.758481884266878,-0.414856930174287,0.274840812885556,-0.212163863160112,-0.558399710735866,-0.152960849400201,-0.470548386147786,-0.700073919051565,0.736084553949265,0.127575821529187,-0.298933887380668,-0.883612169497327,0.0624520179959525,-0.295141634966571,-0.24341855839141,-0.201380470802452,-0.614911291455042,-1.03116522465394,-0.360163422565389,-0.817038372509748,-0.532995057407221,-0.162148124202944,-1.28199095316515,0.0741651420244345,-0.199246528627142,-0.482764492293786,-0.22210515418187,-0.98991817983642,-0.556914184996866,0.325290977683489,-0.310729872447915,-0.26953706066195,-0.469048775657051,-0.646912236027993,0.00230810476188461,-0.911747105051656,-0.764578422700191,-0.533230988500591,-0.536911571663122,0.042009120333306,-1.00442549594522,0.40588261900315,0.753400814587765,0.312174717805505,-0.512651016631085,-0.487071088952516,0.0377745965730301,0.216443803451914,0.0235727401636511,-0.486062366136807,-0.558395159886922,0.404420618679472,0.199836925224011,-0.13170184332628,-0.0733643110053303,0.00935303703646254,-0.349600685505673,-0.357949202211779,-0.243647538842009,-1.04522596831881,-0.207005976203416,-0.702268398874044,-0.0501232359215509,0.183896878827053,-0.572938558467788,-0.460280383279854,-0.711199818849436,0.26462271087906,-0.262019464972899,-0.427970728924245,-0.162577337983621,-0.466398209310648,0.356321116981717,-0.497697403032357,-0.836300992092132,-0.700651446533943,-0.398760727241292,-0.253294839076897,-0.192583576985448,0.131618031901878,-0.142190043282794,0.287893980092028,-0.756903682825737,0.0843133884024993,-0.332175040881105,0.0169323786556809,-0.0655893635331681,-0.164932902228255,-0.0553691040127196,-0.507494336360745,-0.22415290755999,-0.301689288897106,-0.158238102416083,0.0778588050424613,1.73372024378995,-0.455114860482871,-0.320365442977743,-0.541724808571406,-1.00673256664447,-0.338297399620255,-0.442297466630555,-0.54032147816218,-0.413881644626426,0.330229219500933,-0.502081559187991,-0.793480647286587,0.909450454848015,-0.0706935319435813,-0.243829790751683,0.0353895438493217,-0.3147054910415,-0.420674624853802,0.0838702912594134,0.135551970475659,-0.628307826484776,-0.136498208675001,-0.158182617186489,-0.205425835709659,-0.493300492895576,-0.198092060566291,-0.408645043668048,-0.710277417697196,-0.274573940359833,-0.639811500095425,-0.15972775763754,0.157953227093259,-0.441486785107124,-0.215232934326043,-0.500232252404316,-0.513294671036213,0.0180696900397709,-0.0933453884153374,-0.480043990520984,-0.32743589420511,-0.438706372782583,-0.322368587648385,-0.0928007064558241,0.147700490950057,-0.338991134330175,-0.711067928954916,-0.158552557501472,-0.589311371418501,-0.271064939481075,0.244535979834513,0.0130920926122958,-0.565940767620308,-0.415042135686011,0.0784651930442967,-0.617198263111601
-0.138313744619992,-0.613950237247005,-0.432911809891768,-0.20374265970901,0.150931343723194,-0.302027735712192,-0.446324835971008,-0.347884094071714,-0.304096062293514,-0.942643047256749,-0.711495622193113,0.0304886578073731,-0.307683961548282,-0.348381558527141,0.0693927869455754,0.238349165569222,0.367464999544267,-0.323856905970311,0.282669587232247,0.512781140348632,0.0505589772143659,-0.250698962832303,-0.294943914197235,-0.483839012090467,-0.749469098056217,-0.672158196577412,-0.169252268746585,-0.753932968678694,-0.425389186499034,0.250376521471784,-0.183290940295731,-0.377877571925866,-0.467055246759938,0.102442987332462,-0.0817049781470395,-0.927971315039819,0.377511632266715,-1.08069248331369,-0.369088037987513,-0.180437929947254,-1.37505673043431,-0.154552057467955,-0.148033713010697,-0.709698416684031,-0.293413396604005,-0.236381282011692,0.482284970874602,-0.44193433036109,-0.769880479996855,-0.378941230360036,0.255092774248393,-0.185813192463751,-0.502805307423439,-0.137222191063322,-0.434883025990812,-0.66899037766911,0.709796739877437,0.112562817189488,-0.280419892409873,-0.838911713991452,0.0444125970256152,-0.290961980279601,-0.213059931087372,-0.164631108304473,-0.607058087237025,-0.995837334708648,-0.366417961783111,-0.793689140300974,-0.527340609803443,-0.114844574788602,-1.20753836008456,0.102829196692692,-0.185307528282894,-0.508003221838175,-0.156533042384561,-0.983399974445082,-0.519722206366053,0.313858014759157,-0.304551662090376,-0.269671711498337,-0.424877113030997,-0.60946767416552,0.0174001053009526,-0.884838735931065,-0.758013583287148,-0.486232954181742,-0.517654223626169,0.0636732653410191,-0.955744618646465,0.414315902290774,0.71870909443635,0.332130776563522,-0.485624092194831,-0.487938843326038,0.0382754829122804,0.238596128572208,0.0331640156101508,-0.411489756520202,-0.505191371815251,0.413037237997502,0.204670174340913,-0.133410388726307,-0.0714173674066908,-0.00390769862517935,-0.299538637097701,-0.344975290280932,-0.254333541132894,-0.998033834460194,-0.184090613870251,-0.724750246098067,0.0015071315765515,0.16393390754918,-0.543420540182219,-0.432091286007858,-0.630755145875147,0.253012168739469,-0.256794521300107,-0.427278653946104,-0.127361766237593,-0.435672049080069,0.301592824808163,-0.478825827799673,-0.806681465973953,-0.674812228116548,-0.368934802877291,-0.238108370359588,-0.136736958491659,0.0709953707221489,-0.164509083871943,0.29702038110043,-0.714950038418271,0.083802927534621,-0.330503688500599,0.0504254777701936,-0.115718447430684,-0.159178943935554,-0.0355272594698116,-0.466955903645219,-0.21645585864055,-0.334744609060403,-0.118359417537766,0.104456332839947,1.58619822383157,-0.41905106487136,-0.31489054855938,-0.539720557383835,-0.977439641305375,-0.30204833610167,-0.451326275129164,-0.494907212292533,-0.399825911325444,0.309450530363563,-0.47661952762609,-0.79271371123908,0.827122880792471,-0.0427860024590457,-0.223605247462246,0.00676173191258996,-0.342639923099811,-0.419355570565962,0.0614140619521622,0.117817662611269,-0.565387564236533,-0.146637646102938,-0.152441935193434,-0.204337958719065,-0.46125812542645,-0.19294980164248,-0.390614294154194,-0.649925170427006,-0.266304246007732,-0.630593099399988,-0.164131318163547,0.133205621687382,-0.431999182969043,-0.189802637101542,-0.500076491662983,-0.490155540319443,0.0179115343939374,-0.115158413588519,-0.436448692207921,-0.288693440389691,-0.402883286851847,-0.345112425513037,-0.0766832916833009,0.144026778335476,-0.330534046334323,-0.666896861168052,-0.191706471473296,-0.553061034821545,-0.273923209579183,0.251855743501878,-0.0134731862972453,-0.537706493111319,-0.429873495612701,0.0855744517216716,-0.586918771445336
-0.143105236274668,-0.583756584714785,-0.416097047918117,-0.209412858602759,0.157476613260466,-0.33944601167044,-0.429925302211751,-0.322749856351418,-0.315143923247196,-0.933757913321412,-0.643974397180469,0.0390430589609426,-0.313657111908202,-0.334103521402566,0.0548438186006611,0.240340631969469,0.383052647032291,-0.322182436050447,0.289910488837204,0.521830846162179,0.0477660461994291,-0.236155557375998,-0.301465485025054,-0.45224600035082,-0.733579792655319,-0.618860362231694,-0.174153162466339,-0.747355537012375,-0.430590550008248,0.247122872829532,-0.166938587876774,-0.331238866111968,-0.475181641895858,0.0578306593546837,-0.085091371907409,-0.887059264170347,0.32565600356584,-1.05373521289165,-0.339584629810662,-0.151719228208505,-1.22216508150003,-0.143796453324122,-0.135588340778794,-0.690857869168164,-0.322977064527261,-0.178108466161739,0.465145330658249,-0.481468195803701,-0.780186803016444,-0.342865504233377,0.235541249912039,-0.162378864026799,-0.446145496755957,-0.120204960959344,-0.400160673854491,-0.636920010533303,0.683435106986699,0.0973849358337182,-0.261059390216608,-0.793681465539285,0.0262773773713754,-0.286468343084081,-0.185168632511852,-0.1294101399617,-0.598090447264256,-0.958959683800735,-0.372514083134944,-0.769961635899803,-0.522688135889314,-0.067634770870584,-1.13182766440526,0.129305850059952,-0.171794164538191,-0.532797356663265,-0.0923168482014962,-0.975237973474616,-0.480448925079152,0.303392387817464,-0.298928145121076,-0.268631829658969,-0.381637608023282,-0.571479605467156,0.0292136746899378,-0.857606764896744,-0.750047663116479,-0.439877458632726,-0.497402560202839,0.0833506723807298,-0.905303590080899,0.42102745258032,0.683791001375241,0.349824656574381,-0.457037333563357,-0.48832837589397,0.0364143791043684,0.260772730312663,0.0411181338594857,-0.336600352676652,-0.451973424462228,0.420570799456766,0.208953805941603,-0.135209275447392,-0.0725224587153468,-0.0184678697014513,-0.250597995007781,-0.331062414036415,-0.264586526603622,-0.951210796082656,-0.16155070946786,-0.745558669631284,0.0524974405767519,0.146994114596689,-0.513746552577658,-0.402955761568663,-0.551422274449624,0.242908713114247,-0.251302198503158,-0.426049691187431,-0.0927760179811752,-0.403226382300722,0.247527024778364,-0.458851046681747,-0.775630691665215,-0.648908657069342,-0.338259954067643,-0.220407343264128,-0.0809986875638577,0.0107917990502748,-0.188470277346134,0.305162236177529,-0.671600396652018,0.0840809572543153,-0.328493406276428,0.0821367028916752,-0.163694352061347,-0.151105491283719,-0.0145055769622294,-0.424133535092048,-0.208215477015776,-0.368163065009425,-0.0774231861267684,0.130774119817804,1.43365985128604,-0.38468153669257,-0.312092728904971,-0.538616722389003,-0.946273723495913,-0.265872987545881,-0.460946068353647,-0.449334476572012,-0.384178937841925,0.28759397471478,-0.450342596456409,-0.790396150918958,0.742396515386454,-0.0153380839012061,-0.205550898274935,-0.0215302387300884,-0.370055335840973,-0.418074418176578,0.0393121200426362,0.101619684728841,-0.500284003782093,-0.155490252860635,-0.148425713510112,-0.202114204874957,-0.428112988921692,-0.186694583818774,-0.372235246412495,-0.590403786757773,-0.257724041077172,-0.619112742609819,-0.167429434049116,0.107361148764752,-0.421329105046194,-0.164757041967077,-0.498076297059205,-0.466766340486911,0.0167700340460707,-0.138002604696799,-0.391929893553266,-0.249166734869423,-0.368088577906383,-0.367022820208764,-0.0621709250583048,0.137959137331739,-0.322285769312242,-0.622382502146558,-0.224202288264497,-0.517939637992394,-0.275919328896548,0.256663443315259,-0.0398756722719056,-0.509026568419589,-0.444893796991002,0.0930229996680487,-0.555639490992713
-0.147203853093238,-0.550936391230628,-0.397533706777994,-0.212995528661196,0.164626137026899,-0.37445811756064,-0.412722421556532,-0.296690966142998,-0.325013707300514,-0.924776172464127,-0.574266349331654,0.0464538317112589,-0.316189874819848,-0.321082732883904,0.0389288762780995,0.239051113433118,0.397097981782176,-0.314790065701601,0.297058215039758,0.528515284837627,0.0426777204081452,-0.221954760340768,-0.308502978286692,-0.419930619698096,-0.717966781042526,-0.566105347595041,-0.178039381458254,-0.738334904633942,-0.437646444003838,0.242928481099871,-0.151345887660191,-0.285923530658887,-0.482626934038601,0.0157302649998762,-0.0902839553083193,-0.845038404158522,0.271929833512397,-1.0230412630796,-0.308351508322758,-0.123771824030792,-1.06441460773627,-0.135336694105141,-0.123892759287758,-0.671873161063305,-0.352400553330959,-0.118165561036592,0.446712016643178,-0.520054254892419,-0.78892731341398,-0.306952139859582,0.215882050609632,-0.142594471271228,-0.38887791296145,-0.10194820807288,-0.366160733961028,-0.603794645738377,0.656758927174477,0.0820960706845168,-0.240071587762649,-0.747530019868107,0.00780985152119912,-0.281525592671767,-0.159671827806244,-0.096141735373128,-0.587483978957603,-0.919777150012436,-0.378508894385441,-0.745638324237518,-0.51935384399729,-0.0207968503499256,-1.05423542553452,0.153123257292315,-0.158733320564106,-0.557014030193678,-0.029876283257042,-0.964599757834668,-0.438496871851535,0.294218146136969,-0.293889261826232,-0.266030978036304,-0.339960593657942,-0.532656166776009,0.0365073531333661,-0.83021732924848,-0.740402494538841,-0.394684039143684,-0.476136343684662,0.0999289938785557,-0.852808052593366,0.425360573326276,0.648020286047029,0.365324069162322,-0.426031730398672,-0.48853078554284,0.0314893990450032,0.282206154681363,0.0468521081462497,-0.261833536330593,-0.398784248473641,0.426064579955004,0.212086573982801,-0.136973195440423,-0.0765553188550867,-0.0350121525855132,-0.203276999897229,-0.315890630218036,-0.27421401731925,-0.905069223326706,-0.140292434423523,-0.764000025056767,0.102049711459927,0.133399179887909,-0.483394686910778,-0.372843906550873,-0.473762980630149,0.234498791256075,-0.245336656496715,-0.423632084627226,-0.0590997525889794,-0.368783739930806,0.194338024888344,-0.438187987227787,-0.74277574721406,-0.622820192612148,-0.306299451391916,-0.199207307267756,-0.0257165620704862,-0.0488965349618545,-0.214963888974803,0.312850192734274,-0.626562293849665,0.0853119578760174,-0.326172446636994,0.111148077191959,-0.208849792630031,-0.139920560935747,0.00779848494953696,-0.378560175902591,-0.199363085127174,-0.401830152334136,-0.0350710027277637,0.156773931040272,1.27464122205486,-0.352292449706299,-0.312470716020184,-0.538753633597138,-0.912482107251193,-0.229975676584516,-0.471137150873788,-0.403880848017746,-0.36629466127329,0.264898193025457,-0.423908176551581,-0.786581823735437,0.654490441124227,0.011215231314453,-0.190496564592481,-0.0495187940358462,-0.396583152298399,-0.41617997966004,0.0178436193077312,0.0876591057529019,-0.431888571629664,-0.162528009542397,-0.146894567349669,-0.198377808644697,-0.392990007831728,-0.178872524863477,-0.35301584398039,-0.531999960048207,-0.249180758338805,-0.604363360296852,-0.169183544887244,0.0804213151976224,-0.408986314759348,-0.140203536651357,-0.493763205659633,-0.443268442898462,0.0139220505955741,-0.162558481522733,-0.34647394069681,-0.208770227744437,-0.334965900071546,-0.38766225365208,-0.0503848138161053,0.128152098649515,-0.31442267172308,-0.577172360262219,-0.255506136791984,-0.484416549577815,-0.277200741274531,0.258150188871648,-0.0657723847769803,-0.479704838640016,-0.459831615704511,0.100700011787239,-0.522915712739245
-0.150165739548611,-0.515474138058763,-0.37686603002896,-0.214164723582163,0.172764112412888,-0.406467053375906,-0.394677048180804,-0.269640751345872,-0.333409981166772,-0.915178418336989,-0.502133655990364,0.0524893318000386,-0.314877197914665,-0.309027345256929,0.0214955701278184,0.233573554948944,0.409550351170229,-0.300678300773182,0.303798518204247,0.532066763941468,0.0344953215986446,-0.207865289894066,-0.316439231282844,-0.38705760784126,-0.702392012286867,-0.513937832685599,-0.180386736050611,-0.726586084169617,-0.446931445435258,0.237605492216854,-0.136739842860772,-0.241880992984269,-0.488988201227767,-0.0228675174783743,-0.0975089242909664,-0.801231171808224,0.215554246104693,-0.988004137560912,-0.275614002158368,-0.0968969226693216,-0.901912346938978,-0.129762135203512,-0.112742878613629,-0.652264921250848,-0.381364803493137,-0.0566009522242922,0.427363297807254,-0.557473628198833,-0.795745955119877,-0.271654096105437,0.195465487242573,-0.126739308171979,-0.33139938616066,-0.0828768448769148,-0.332509390218694,-0.569832887697527,0.629108470738193,0.0668510438490998,-0.2168869773835,-0.700107241630924,-0.0110821743575197,-0.276216880227046,-0.135951093181708,-0.0647881897729645,-0.574585684099605,-0.877394395649136,-0.384368089495973,-0.720763014237857,-0.517358125533236,0.0255383538530827,-0.974356382082598,0.174263653459943,-0.145801321632713,-0.580659517007044,0.0302908723701871,-0.9507737881213,-0.393377901746466,0.286674579619554,-0.289071916699139,-0.261451932719169,-0.300109980702767,-0.492857238311848,0.0385795698022271,-0.802869172096666,-0.728937109005785,-0.351007795554136,-0.454039313893232,0.112342222212532,-0.798194978336347,0.426950261822337,0.610716980054828,0.378904444297422,-0.39209233536906,-0.488775567146474,0.0233921119710876,0.302241436443978,0.0500145965384267,-0.187534553253952,-0.345779648795782,0.428307734907602,0.212850339601717,-0.138329953327351,-0.0829084229012544,-0.0540600221818697,-0.158348435751386,-0.298951552494975,-0.283137998603263,-0.859439745367547,-0.121311499182384,-0.779566995268594,0.149308357864794,0.123145701051,-0.451743156913756,-0.342127313547464,-0.397988099145957,0.227333200173649,-0.238743115280331,-0.41938603755552,-0.0264409623706487,-0.332850961941758,0.14232187960198,-0.417242895212422,-0.707796841396767,-0.596321786060105,-0.272685486363696,-0.174108087265361,0.0287321428142122,-0.108223604696865,-0.244876422764196,0.320841640499711,-0.57983049675902,0.0876062677863667,-0.323492780094832,0.136933820170444,-0.250749460989411,-0.125277157941682,0.031246334710914,-0.330102512111283,-0.189928745717961,-0.435705271786742,0.00892116834105001,0.182530678756326,1.10851331668591,-0.321848110448877,-0.315902168328979,-0.540483757849079,-0.875569141130103,-0.194757450480874,-0.481874386635722,-0.359028570792717,-0.345881604487795,0.241652059307771,-0.397856131082167,-0.781552640996052,0.562483885836016,0.036589695925791,-0.178879707772881,-0.0772215267872623,-0.421847116759628,-0.412530979402534,-0.00273061808256396,0.0764953919563889,-0.359478568675314,-0.167311082042927,-0.148472732557896,-0.192738530998785,-0.355133272303963,-0.169293107283928,-0.332786028342574,-0.474807895562681,-0.240945653247177,-0.58590349774042,-0.168913484479479,0.0525790980807116,-0.394809221991128,-0.116400968689557,-0.48707584437951,-0.420048140916013,0.00889170845626968,-0.189514109596236,-0.29994306344958,-0.167499960845935,-0.303961147847417,-0.406760155366169,-0.0418262489580396,0.113467908837242,-0.307348571463883,-0.530979389649782,-0.285415058276005,-0.452506801115269,-0.277733276558503,0.256137040494418,-0.0910589774370972,-0.449725992629072,-0.474445599160694,0.108309343501383,-0.488443396692555
-0.151828013989331,-0.477590912274734,-0.353634701677426,-0.212674262199922,0.181900903658249,-0.434938619368813,-0.375920882129148,-0.241818258459241,-0.340044105160734,-0.904045536059146,-0.42800758740207,0.0573475361769612,-0.309894052073637,-0.297144711470163,0.00251406344996698,0.223307780613878,0.420659016352708,-0.279880356880754,0.309849332259209,0.532003026289961,0.0227271257666299,-0.193386499635387,-0.325502656181393,-0.35403988537782,-0.686404117999877,-0.461939004229823,-0.180542506808852,-0.711814582095608,-0.458488319698791,0.231042467222201,-0.122751628976603,-0.198825722150319,-0.493816189627063,-0.057188324088542,-0.106469401554998,-0.754759790719181,0.156115769531392,-0.948616327546816,-0.241651842897103,-0.0712449061411122,-0.735707780504295,-0.127324148421867,-0.10170488286511,-0.631192217607049,-0.409606963609146,0.00567067318087134,0.407844178175344,-0.593398250035494,-0.800261344416552,-0.237091291385432,0.173435020657854,-0.114592014952734,-0.273677323495854,-0.0636038166090834,-0.298975625947361,-0.535172768429544,0.599479089751281,0.0519811613113096,-0.191245405828199,-0.651333401146565,-0.0301322446752175,-0.27035718444964,-0.113152389474542,-0.0350268512249624,-0.558502444435088,-0.830742727000695,-0.389907097329854,-0.695400438816865,-0.51616439900647,0.0713532836799526,-0.892149453361478,0.193196383006561,-0.132350256106692,-0.60359188046107,0.0878776518738964,-0.933016791117147,-0.344672095939958,0.281156160899894,-0.283903674332743,-0.254444481401727,-0.261503681062879,-0.452229479905782,0.0352714302591648,-0.77554548820728,-0.715379886703547,-0.308733406918838,-0.431337839103817,0.120122786359358,-0.741525574346027,0.425815214036284,0.571393410580946,0.390832739529595,-0.355358499257105,-0.488969092348403,0.0124730273921389,0.320489505411708,0.0505794414257309,-0.113735133318172,-0.292926355662106,0.426260604438123,0.209962006802814,-0.138756908922948,-0.0909061774238254,-0.0754493354291658,-0.116352477671206,-0.279720042765158,-0.291205036141182,-0.813704048735593,-0.104990204962402,-0.792006630034592,0.193745956943293,0.116045526283734,-0.418346954620648,-0.311432711513149,-0.323948254911334,0.220895878173175,-0.231255585261338,-0.41260244623391,0.0056456162696044,-0.296603629890935,0.0917981025816832,-0.39610598585365,-0.670180894116456,-0.569038921617377,-0.237263770867891,-0.145360174617484,0.0819354568274461,-0.167137235397642,-0.278537761642635,0.329701198669271,-0.53143091863267,0.0911933264052825,-0.320137790926464,0.159541675107445,-0.289094457573449,-0.107241042315941,0.0555507442957215,-0.278792539651907,-0.179850383933303,-0.469676033387071,0.0543457784381733,0.208098420705932,0.936169616524891,-0.292873835244572,-0.321644050159601,-0.543896589433314,-0.835298031643449,-0.160505494022834,-0.492848957343482,-0.315431018385207,-0.322824955527945,0.218004650337494,-0.372299006763566,-0.775570097681236,0.465490501284822,0.0608851994875596,-0.170340132856224,-0.104124743116008,-0.445499106471614,-0.405781535933929,-0.0223202795657449,0.068315798568058,-0.282901867648246,-0.169609391221712,-0.153276865963962,-0.184795176154036,-0.314013484191418,-0.15790232703346,-0.311644209450459,-0.41870312605432,-0.233017006168804,-0.563712404379472,-0.166119995132981,0.0244530666145938,-0.378758412776068,-0.0935795740593819,-0.478161548013233,-0.397422099653589,0.00178866521524183,-0.219146078346962,-0.252198055288657,-0.125490998472759,-0.275008239752217,-0.424136699176059,-0.0362300486501476,0.093524186995969,-0.301457414334722,-0.483486248478334,-0.314002777817685,-0.421683598159301,-0.277356082589673,0.251090283852688,-0.115625401548975,-0.419087680656144,-0.488411538587878,0.115805490039102,-0.452000228097074
-0.152160789983839,-0.43777720295477,-0.327713316073014,-0.208246396720617,0.191783201278128,-0.459467825411988,-0.35655734035167,-0.213555933448802,-0.344628153400364,-0.890193900647142,-0.352980478005339,0.0615361798155583,-0.301873638136726,-0.284642583635308,-0.017921416630376,0.208024238345131,0.430646079005215,-0.253608588433206,0.314857889837747,0.528003588884437,0.00725685438005827,-0.177870674952681,-0.335426002182519,-0.321397485799768,-0.669212178377596,-0.40941479310592,-0.17791014325416,-0.693722053416005,-0.471902867781007,0.223365717827032,-0.108777343648857,-0.156284643082224,-0.496596269087732,-0.086833051764528,-0.116449531052233,-0.704651024158501,0.0942233919328169,-0.905336397114854,-0.206606965409624,-0.0467263659767222,-0.568217049960743,-0.127719871385288,-0.0904028127902088,-0.607701412355679,-0.436556433788918,0.0671726158732425,0.388985373411397,-0.627261057220117,-0.801946011066522,-0.202939913354035,0.149121390351905,-0.105507305514121,-0.215430676298725,-0.0449171266376816,-0.265593382549327,-0.499792004320778,0.566965295621375,0.037891777183544,-0.163467369133711,-0.601265893321664,-0.0489381572679288,-0.263257142868428,-0.0903614298449993,-0.00647294074138156,-0.538411995500728,-0.778941061189979,-0.394705106937952,-0.66927375902287,-0.514719047242364,0.11650098969273,-0.808004088170603,0.210679533393513,-0.117846246041796,-0.625296005067395,0.14304041004356,-0.910541610019948,-0.292299161250636,0.277879945751599,-0.277861514538297,-0.244536162483624,-0.222883037407269,-0.410970191580041,0.0270169993512819,-0.74776592357892,-0.699186595742304,-0.267409636136507,-0.40806390223488,0.123563199569461,-0.682817029619903,0.422152934920231,0.529856166515996,0.40128443508238,-0.316619046985668,-0.488565383677205,-0.000683559106880442,0.336721123505225,0.0485753309657372,-0.0403543438124193,-0.240230296201689,0.419447191482572,0.203171760932394,-0.137736769774183,-0.0998252095892142,-0.09820284615393,-0.0771100772667779,-0.257790530139923,-0.298091693633662,-0.767264658403739,-0.0908263585049825,-0.801249204673361,0.235102655634552,0.111688386771934,-0.383095653072022,-0.281478661368128,-0.251223874358396,0.2151825109524,-0.222703232495244,-0.402712540105715,0.0380264143198123,-0.261449721366069,0.0428853311875863,-0.374763655225193,-0.62934303846075,-0.540363479375735,-0.200259204233722,-0.113807798384444,0.13335379712689,-0.224981257261172,-0.315249170301916,0.339746565162787,-0.481232751080847,0.0966881571998724,-0.315588593909975,0.179682818311775,-0.323668546245555,-0.086137938783728,0.0802903346846205,-0.224866006136881,-0.168684817243508,-0.503105951419272,0.100663644870229,0.233126172276159,0.760121998473582,-0.264651662692102,-0.328601377466651,-0.548528624985648,-0.791893630149829,-0.127181433955395,-0.5032708187073,-0.273829981900685,-0.297357800909447,0.19419092929257,-0.347168550906513,-0.768846111527843,0.363413539542399,0.0847814963154967,-0.163849347492754,-0.129093967213192,-0.467197953483478,-0.394911388290663,-0.0410772869472231,0.062579212598984,-0.202640132297674,-0.169434472754235,-0.160759160625456,-0.174136064460943,-0.269336549864445,-0.144796259547028,-0.289968545265674,-0.363285160711691,-0.225198681310295,-0.537899867561502,-0.160356605729862,-0.00274165319244815,-0.360929221050412,-0.0719430205297187,-0.467295713885401,-0.375511338324621,-0.00672054862349789,-0.251254943981599,-0.20346971976757,-0.083085622665585,-0.247573504420112,-0.439483074537681,-0.0328626980219729,0.0687524528795873,-0.296782513880282,-0.434496348548214,-0.341236164466341,-0.391363482776915,-0.275940274281834,0.243837628151139,-0.138894576702932,-0.387898990632558,-0.501101689757709,0.123339013256484,-0.4135787121973
-0.151021906343437,-0.396875955902326,-0.299561373650833,-0.200756090937897,0.201753014428723,-0.479789907849796,-0.336605712725636,-0.185168942091363,-0.346910962966958,-0.872687785822401,-0.278388329269885,0.0655431137477378,-0.291754464773839,-0.271008191265838,-0.0394867395961246,0.187897278897867,0.439416987057133,-0.223897071169583,0.318444579138582,0.519941934817521,-0.0117572829778789,-0.160871364520508,-0.34540080220279,-0.289543217779205,-0.649801321060248,-0.355949607956074,-0.172057952690328,-0.672129293783822,-0.486305855556082,0.214857333074245,-0.0943471537593794,-0.11370780733372,-0.496830621966512,-0.11187267867572,-0.126464418097457,-0.650230208954146,0.0313182616386119,-0.858693285011466,-0.170611489062061,-0.0230758388237789,-0.403196926690305,-0.129977241719962,-0.0788108167701231,-0.580960545850971,-0.461215735650666,0.126428140712694,0.371625949785733,-0.658231404927389,-0.800191436341087,-0.168750088106719,0.122515499581539,-0.0985247577909783,-0.156625258813134,-0.0277715607756779,-0.232535837122934,-0.463769948977936,0.531263997826554,0.0249849969387712,-0.134805583832168,-0.549925291113299,-0.0674213984414453,-0.254111875542631,-0.0668613228394394,0.0212401060568863,-0.514067036453341,-0.721798995348927,-0.398251140481182,-0.641517328489531,-0.511945001784571,0.160563117706573,-0.722630044840751,0.227330394245595,-0.102148880428782,-0.644984699842973,0.196169398746681,-0.883033170546753,-0.236607950593359,0.276498609152839,-0.270520574004142,-0.231364191582251,-0.183076586449956,-0.369240479798475,0.0146493800694771,-0.718597993472982,-0.679824505026057,-0.226471245479881,-0.383863356454607,0.123752695998802,-0.622185061139718,0.416151129006563,0.486431805314378,0.410133453890631,-0.277120193160354,-0.486876618018414,-0.0154229388182142,0.350907308917123,0.0437917528338984,0.0325317944923181,-0.188139630876384,0.407894587971533,0.193378052455069,-0.134926637791414,-0.10877617409184,-0.12093650559009,-0.0398096414218645,-0.23311857586799,-0.303358893935046,-0.71977336430398,-0.0778215083728026,-0.807328417787536,0.273066715272437,0.109422932089934,-0.346137253411924,-0.253006700736227,-0.179310344017485,0.210340898200629,-0.213081937252513,-0.389580509070368,0.0713728250279402,-0.228762729076952,-0.00435763464392995,-0.353192546972756,-0.58509436182823,-0.5096317568693,-0.162266548106262,-0.0808776266432114,0.182440200863164,-0.280636082005397,-0.353456120543752,0.350843956886733,-0.429094741224059,0.104759738776042,-0.30921409635266,0.198589053419981,-0.354495382976674,-0.062676424085738,0.104924055996262,-0.169027176491463,-0.155757908105672,-0.534546761351947,0.147389969382943,0.256705152319702,0.584108962000508,-0.236555550675559,-0.335650664003981,-0.553607194930652,-0.746213355901151,-0.0943928116807204,-0.512131422280915,-0.234690486310535,-0.270100398243055,0.170461671609312,-0.322347226762387,-0.761510626502416,0.257916486784179,0.10926485272912,-0.158471537851937,-0.150906396944403,-0.486618371547188,-0.379297282426776,-0.0592867231698913,0.0578961718129515,-0.119816740242346,-0.16694947155304,-0.170047955993904,-0.160616160040574,-0.221235658051601,-0.130527099195421,-0.268281977191054,-0.308080921254944,-0.217207456056598,-0.508729136927594,-0.151418574595422,-0.0275709730955298,-0.341509942885436,-0.051685097473666,-0.454955187591669,-0.354381319255409,-0.0155307906663891,-0.285297051875501,-0.154538415244965,-0.0407770326556067,-0.220994546456784,-0.452334953987153,-0.0309103699466166,0.0402903770697004,-0.292786182498348,-0.38420244851174,-0.366793908495536,-0.361062219144123,-0.273453081721952,0.235527856351303,-0.159728445519087,-0.356451001419194,-0.511579104002833,0.13101981313088,-0.373368662250511
-0.147997000192497,-0.355856258788116,-0.270062719799904,-0.190716318152806,0.210773927016084,-0.495816176806185,-0.315804692841221,-0.156842444365067,-0.346743821435837,-0.851350924226303,-0.205606194998576,0.0697476090296668,-0.280660286698325,-0.256084553113812,-0.0613355878959754,0.163642338380461,0.446427580179899,-0.192721005799427,0.320419968776539,0.507984620658671,-0.0337544821671221,-0.142605937731092,-0.354421414424725,-0.258782479025299,-0.627342734241633,-0.301685517002372,-0.162687454265724,-0.646859651213728,-0.500308407244213,0.205715464062449,-0.0791563811535217,-0.0705246925133609,-0.494217431723855,-0.132847646300791,-0.135255383069359,-0.591412868813035,-0.0310544035330338,-0.809164452710463,-0.13432778499532,-0.00015279537400349,-0.245494000635686,-0.132706143404958,-0.0671254753178232,-0.550505445075691,-0.48246808206143,0.182325872263849,0.356736833647145,-0.68536445706557,-0.794469057905364,-0.134644466906641,0.0943114674009848,-0.0924917455486005,-0.0977751859777459,-0.0131098346577629,-0.200004356154227,-0.427420796194432,0.492798301884959,0.0138768936547332,-0.106963006013154,-0.497316403919278,-0.0857253292789279,-0.24241220576976,-0.0423432740325371,0.0484251982657488,-0.485838050423381,-0.660117255352215,-0.400032294040406,-0.610890256511795,-0.506951834992837,0.202809316919215,-0.636738636303029,0.243565630903412,-0.0853753930000878,-0.661910245425155,0.247559967799044,-0.851257569404758,-0.178462971967288,0.276045738488203,-0.261447332508455,-0.214973608078783,-0.141402052597886,-0.327296699838539,-0.000722732756332601,-0.687020973123813,-0.65734050786574,-0.185383794902274,-0.358069733360535,0.122413890037564,-0.56003343222486,0.408313902818921,0.442081482798501,0.416944360195125,-0.238162293504176,-0.483459390901256,-0.0312149060474699,0.363134409767872,0.0361260068591566,0.104535710801782,-0.137381375314255,0.39194667869644,0.181630879063912,-0.130065278483461,-0.116960725161036,-0.142543200896723,-0.00347476460247832,-0.206144564231646,-0.306608819498341,-0.67110345988838,-0.0648963813771615,-0.810623041040988,0.307299862284627,0.108376516670321,-0.30765209118911,-0.226645026622315,-0.107893476922791,0.206140295791017,-0.202423748874751,-0.373481483391782,0.105783458230611,-0.199441020730314,-0.0495266855879671,-0.331375447898562,-0.53795734266316,-0.476646389435643,-0.124217977337246,-0.0483808864665692,0.228974872222996,-0.332994560902314,-0.39118631198712,0.362323529778829,-0.375121359682999,0.115444202201412,-0.300475924264513,0.21774508411723,-0.381932559597227,-0.0381380245846479,0.12894146546149,-0.1125895350819,-0.140572074727463,-0.562056502739617,0.194266400932553,0.277695773280937,0.412527717879384,-0.208300541415973,-0.341659811440279,-0.558215401214891,-0.699552846447989,-0.061641641895296,-0.518539508808734,-0.198328007793246,-0.241862826950013,0.146984661135451,-0.297544339589447,-0.753383843780119,0.152597037794894,0.135163062485197,-0.153805981900609,-0.16889406513344,-0.503553557505846,-0.358655916954652,-0.0772583683396578,0.0524239507294954,-0.036067150435448,-0.162432680344023,-0.180225201727694,-0.144451852259952,-0.170541241673625,-0.116015084876288,-0.246962415981629,-0.252755615236583,-0.208690657232383,-0.47690645480369,-0.13939682350868,-0.0489209124914542,-0.320714397772237,-0.0328995332831099,-0.441742075359607,-0.334130900559604,-0.0235211632418359,-0.32042287408947,-0.106475674190408,0.00109742964897436,-0.194525867181029,-0.462478333276328,-0.0296580470907095,0.00997350129366333,-0.288402248858229,-0.333209281794365,-0.390436044488968,-0.330298287730067,-0.270067682341269,0.227504345867082,-0.176808237033411,-0.325134114853609,-0.518885291636145,0.139014767777655,-0.331519949105749
-0.142652167101791,-0.315531922408806,-0.240327169636422,-0.179192016874924,0.217951833728891,-0.507618952345546,-0.293584519696272,-0.128485306539608,-0.344114929327832,-0.826744900433924,-0.13610777924095,0.0742299088308285,-0.269836085911349,-0.239907339588477,-0.0822354466372443,0.136494372092147,0.450776228404086,-0.161496596088242,0.320768478998759,0.492550846839758,-0.0574811429972514,-0.123902468899453,-0.361525800457895,-0.229415904380702,-0.601259049699541,-0.247367566613502,-0.149753665196735,-0.617611761638373,-0.511936466948286,0.196117917733947,-0.0630085255916763,-0.0261250960336664,-0.488751223427155,-0.150777970678414,-0.141416069533414,-0.528847915683625,-0.091553123755114,-0.757432789880429,-0.0990001881761478,0.021966224073625,-0.10035697131001,-0.134482660651079,-0.0555143530333013,-0.516399426385469,-0.499297160044955,0.23434858184058,0.345280315019571,-0.707728620217264,-0.784371950353233,-0.101831234410814,0.0654783705713139,-0.0861360008462527,-0.0396744003353234,-0.00138189281063599,-0.168241269201258,-0.391108846280368,0.452560592716145,0.00554587721643957,-0.0813170031911499,-0.443678198156594,-0.103754310656117,-0.227868764625794,-0.0169735899893907,0.0751736705076043,-0.45434142456714,-0.595536748783038,-0.399396918376812,-0.576255033004937,-0.498550522479397,0.242245381535885,-0.550815637623195,0.259555130584888,-0.067662818993064,-0.675468193310939,0.297330811686222,-0.816932246539237,-0.1193430890023,0.275231788370068,-0.250251754890509,-0.196088440467818,-0.0978006900221148,-0.285508293884931,-0.0175060967093249,-0.652273711807415,-0.632434243301976,-0.143998651099812,-0.330162825161481,0.121379678999806,-0.497037615434019,0.399579962671185,0.398101850569172,0.421428262897967,-0.200388971429639,-0.47807833280141,-0.0474389579902533,0.373436027071272,0.0258560751910628,0.174934833786783,-0.088352673156616,0.372345608054605,0.168518208846644,-0.12286918104805,-0.123780269118292,-0.162484603229857,0.0326133772669433,-0.177770582659398,-0.307454128827389,-0.621281032207495,-0.0511661011240191,-0.811801857698875,0.337843508977248,0.107630430092447,-0.267715859136704,-0.202727392032641,-0.0370354224510629,0.202120027075596,-0.190826563874661,-0.354830908770715,0.14083564071481,-0.173539176982709,-0.0917648002078051,-0.30940622811287,-0.489169021392708,-0.441969315056046,-0.087332856121663,-0.0180934740785919,0.273227846348812,-0.381182181963626,-0.426227962350804,0.373366800687937,-0.319815936653993,0.127982507660703,-0.2890956192249,0.238485754455052,-0.406406707238477,-0.0140878285819451,0.151969468626198,-0.0571678957862447,-0.122779389375659,-0.58378847069432,0.240985105100578,0.295126455700079,0.249944838114763,-0.179944592462999,-0.345468787370415,-0.561043461216185,-0.653304229668275,-0.0286328899607135,-0.521738652362767,-0.165472978476645,-0.213431995525294,0.124161972357076,-0.272428583377904,-0.744289760694735,0.0519948272782001,0.162825487781244,-0.149921931374448,-0.183101236127768,-0.517773601605953,-0.333029318378201,-0.095203852993204,0.0444817789410367,0.0467778242919332,-0.156386339136881,-0.190208703121634,-0.126113043309047,-0.118829087974958,-0.101936937347685,-0.226176320358457,-0.197215444191815,-0.199447640669567,-0.443756165302821,-0.124629086511056,-0.0660849781981851,-0.298810557456757,-0.0154921854240404,-0.428085367062688,-0.314700050515664,-0.030016043917907,-0.355109076550907,-0.0603633031634827,0.0423022647161779,-0.167361271427894,-0.470068318391903,-0.0283267351502419,-0.0199505538531797,-0.282177939995059,-0.282355302131107,-0.41213012478359,-0.298695814942058,-0.266293247523575,0.220964555694917,-0.188977554450627,-0.294319028327501,-0.522228422007901,0.147617779503618,-0.288054763201852
-0.134975880089339,-0.276435465148112,-0.211562284978007,-0.167170525596253,0.222729326175524,-0.515418314040064,-0.269369858028273,-0.0999148284424466,-0.339039066546672,-0.799523208121449,-0.0714324224041851,0.0787312521930406,-0.260635436815948,-0.222473978869722,-0.100859297280694,0.107933820722952,0.451366059152705,-0.131388304392905,0.319374529392128,0.474103809103205,-0.08123986075887,-0.105574773882184,-0.366272855617637,-0.201717880890882,-0.570891029344771,-0.194118672970592,-0.133487738607573,-0.58408079404661,-0.518949069367377,0.186317736280838,-0.0456129074741487,0.0198818684545324,-0.480638228599341,-0.166961659002874,-0.143708209744544,-0.463858750217408,-0.148782276493981,-0.704627005846813,-0.066100077622289,0.0430325289209521,0.0277714647689414,-0.134125218758014,-0.0438930749916102,-0.478922252366509,-0.510899495720949,0.282420148668562,0.337890011965941,-0.724458132010438,-0.769473155121528,-0.0722214268916046,0.0369783369291473,-0.0780950123026716,0.0169866607309389,0.00774673047627542,-0.137537557290653,-0.355029065369785,0.411635086097652,0.00100476680458347,-0.0585653262650178,-0.389497665865797,-0.12113281864158,-0.210184698580557,0.00877186267822459,0.101315006004879,-0.420182988103545,-0.530074735923618,-0.395519971341706,-0.536898109430422,-0.485096697669412,0.277765686941298,-0.465275918445948,0.275001368878505,-0.0491715169982934,-0.685164328079442,0.345361303706383,-0.781920764626198,-0.0610871973939806,0.272884540429647,-0.236926470477645,-0.175967169303744,-0.0527256236743499,-0.244245760419283,-0.0336837544265636,-0.613921869372525,-0.605882024073469,-0.102839007502091,-0.299981969990346,0.122211666209189,-0.433944245634182,0.39084132595668,0.3556914006426,0.423624890141778,-0.163497953054845,-0.470362674949311,-0.063085480886025,0.381703587788702,0.013292945607013,0.242758465052126,-0.041134434574587,0.350274125341373,0.154493664459088,-0.113227044746013,-0.12865563382745,-0.180454632975677,0.0686591536757452,-0.149090597368023,-0.305612781894613,-0.570418490511064,-0.0360180724548601,-0.81123522679532,0.365182045754138,0.106364949623237,-0.226382364846702,-0.181209860069543,0.0328039618445427,0.197868298344935,-0.178715896731629,-0.334038431074223,0.175918137289584,-0.150481294767915,-0.129952384852686,-0.287428792403684,-0.440121241941729,-0.40669808022373,-0.0528691109688085,0.00868605499004517,0.315837976343946,-0.424307743603792,-0.456247003578972,0.383246649043242,-0.26396122360323,0.141051208990069,-0.275123525689686,0.261486629446493,-0.428247406179971,0.00801342202155004,0.173549783979906,-0.00423522372008931,-0.10188161579731,-0.598163602044686,0.286778398835207,0.308242582450267,0.100714181876081,-0.151766471864657,-0.346073731485921,-0.560337471551885,-0.608605764443431,0.00471303922829271,-0.52086519352594,-0.137452909992594,-0.185569048188791,0.102809269784987,-0.24676615666985,-0.734605800539004,-0.0397615102038275,0.191984446675186,-0.146874126604231,-0.194288056214901,-0.528773282311076,-0.302678682554943,-0.113023866548142,0.0329410111399393,0.126922555143826,-0.149836821120156,-0.198861751323719,-0.106367560862642,-0.0680086403155452,-0.0886041934492777,-0.206233045807414,-0.141445642954858,-0.189640474292008,-0.411104463518191,-0.107650084822734,-0.0788192365749054,-0.276312654714903,0.000588778100799198,-0.414076343918937,-0.295731747377594,-0.0348514515051981,-0.387043378004524,-0.0171987023832504,0.0826576970905312,-0.138819052296217,-0.475207328882838,-0.0258858758029276,-0.0472484743392243,-0.272660670152663,-0.232303848253624,-0.431506046241427,-0.266017182750318,-0.262783564459201,0.21658933290602,-0.195453318395785,-0.264407423930859,-0.520826466811351,0.157179891215679,-0.242999317784857
-0.125337758809631,-0.238464684281062,-0.184551454000794,-0.155228754085994,0.224598372826801,-0.519657564184209,-0.242657981816621,-0.0711225766856449,-0.331498466938186,-0.770135170043327,-0.0132537984791912,0.082971884498813,-0.254267815714242,-0.203840515339331,-0.115818397678016,0.079412655726891,0.447136599476569,-0.103557086945997,0.316209269769593,0.452849200110149,-0.103729892377724,-0.0880959190699518,-0.368904211875577,-0.175984521006901,-0.535551325288293,-0.143107503436569,-0.114244539656125,-0.546040353037972,-0.519465322934014,0.1763648559562,-0.0266290160762419,0.0673584227236644,-0.470230043106451,-0.182374470071889,-0.141381095572533,-0.397944793363168,-0.20111692425368,-0.652039897187701,-0.0369671706791709,0.0625307134683312,0.135991228997785,-0.131017804643819,-0.0318392045299429,-0.438316509217485,-0.516684744556804,0.326394242335877,0.334769260874902,-0.734765682188723,-0.749336778363271,-0.0474963806784871,0.0097698659512679,-0.0670905861323507,0.0717314264713752,0.0154661599136053,-0.108118445285688,-0.319071424360569,0.370692634467552,0.000852486176435869,-0.0386913112536412,-0.335356341811082,-0.137432172074747,-0.188968618304201,0.0347756070057817,0.126651934086241,-0.383815682666682,-0.465753895429644,-0.387599856326531,-0.49256266055709,-0.465077123669293,0.308205939741081,-0.380669237186535,0.289385618956559,-0.0302230997811318,-0.690456916189281,0.391216457086065,-0.747521561621175,-0.00538067624224495,0.268337810922227,-0.221822602899312,-0.155954337917807,-0.00670566671307598,-0.203748936693538,-0.0472355796943986,-0.571855387423308,-0.578009194712133,-0.0627466263318653,-0.267421661749703,0.125995806918039,-0.371564342184082,0.382675829418205,0.3158264571524,0.423729134166089,-0.126699809572161,-0.45976004526177,-0.0768973431840082,0.387686875646161,-0.00147757583196007,0.307110477165597,0.00406815079539513,0.327087303490146,0.139942663014045,-0.101241628292774,-0.130844352142492,-0.196095099311734,0.104268562938825,-0.120906018400116,-0.301098854153975,-0.518641457421121,-0.0191204914616573,-0.808856410749184,0.389895455924057,0.104005695884577,-0.183758766547976,-0.161644402961405,0.101017499771303,0.192944292550214,-0.167111656718034,-0.311746013582155,0.21038670984005,-0.129531324009024,-0.163131216439213,-0.265726176818745,-0.391738397409855,-0.371902510120192,-0.0219029288673984,0.0312349768875602,0.357448423593016,-0.461384236369627,-0.479193570443944,0.39132977770902,-0.208306782846024,0.153258975434133,-0.258929300877438,0.2868112318035,-0.447690155869642,0.027119066766869,0.192935399817916,0.0450723528956639,-0.0771127206004677,-0.603960371874978,0.330549364019637,0.316495372346607,-0.0314983112146329,-0.124407029125617,-0.342939003340141,-0.554400127948961,-0.566146672390075,0.0382837092633649,-0.514865791203035,-0.115711339792578,-0.159216696139709,0.0836754244692607,-0.22041756218042,-0.725121285985672,-0.119647429580419,0.221929968689971,-0.144205553535081,-0.203793967529278,-0.535865714117881,-0.268152144851297,-0.130259189911376,0.0174132921582756,0.202701581389129,-0.144269360686326,-0.205247584642132,-0.0861458975036583,-0.0196380089919879,-0.0760903080218897,-0.187956330479999,-0.0852243044184517,-0.179761166162573,-0.381043841280235,-0.0889819705267921,-0.0875255000329671,-0.25424393657162,0.0150528109820417,-0.399510441859233,-0.276785178245314,-0.0381979760792257,-0.413797953638159,0.0222108301459657,0.122211188861015,-0.10833555741061,-0.477755177784441,-0.0212037680769183,-0.0700845709311479,-0.258838719356557,-0.183305119385552,-0.4477047772683,-0.232038582577336,-0.259764974786936,0.214380925915518,-0.1959374305039,-0.236090050987296,-0.513741687653523,0.168057970794755,-0.196590573377504
-0.114197117568094,-0.200709297585317,-0.159384554299545,-0.143695434093607,0.223087781701806,-0.520920447826921,-0.213219590903523,-0.0423161724678355,-0.321497133425861,-0.738925854659922,0.0370749941344896,0.0866892792385879,-0.251387279047746,-0.184062239273969,-0.125926479041112,0.0521847326841937,0.437556192940887,-0.0789011324958854,0.311621413262375,0.428782587394433,-0.124330336906196,-0.0716477875874886,-0.369532742550368,-0.15242753146407,-0.494808588750005,-0.0954240148509207,-0.0923302010072613,-0.503457851707896,-0.512340887871926,0.166153519177433,-0.00612875945615435,0.115710665237279,-0.458091277911631,-0.197281760709093,-0.134511195132505,-0.332232578505991,-0.246995177142271,-0.600487051172774,-0.0125681961728804,0.0798357631584115,0.223008833775458,-0.125205785583112,-0.0187332242514391,-0.394994488150317,-0.516137073838346,0.365827793211001,0.335619834516842,-0.73804264111966,-0.72378817370862,-0.0283134328595055,-0.0153473873453266,-0.0522272831686314,0.124109331993585,0.0236863294706038,-0.0798963199220343,-0.28271253971313,0.329792185765118,0.00509935635192313,-0.0211059651607305,-0.281919442260638,-0.152375890205304,-0.163758339718048,0.061429528560218,0.151170284447657,-0.345455323970718,-0.404442367986249,-0.375243737018855,-0.443470491011659,-0.437784594276529,0.332504572307198,-0.297767620485097,0.302291227368426,-0.0111973561343433,-0.690650213330464,0.434274746293376,-0.714279498142052,0.046638049499423,0.261440012349233,-0.205186659628473,-0.137133622486471,0.0400492715045193,-0.164101260385037,-0.0565077602626405,-0.526362829252892,-0.548746524283682,-0.024572569800762,-0.232191895663881,0.133186752434982,-0.310770122989369,0.375472362717793,0.279473587126097,0.421824408379827,-0.0891579415219815,-0.445755611901321,-0.087745115798647,0.390997313922098,-0.0184858487661699,0.367373689555178,0.0470942426916045,0.303842376737463,0.124993711540218,-0.0872250172795417,-0.129563119553712,-0.20912079811584,0.138600602218722,-0.0936392136734368,-0.294147214281004,-0.466066636612799,-0.000317156021603887,-0.804299910349554,0.412365005359989,0.100436587367202,-0.140057377438162,-0.143495363787926,0.167142270724507,0.186997894354787,-0.157163834220594,-0.288781851022119,0.243438855163853,-0.110130460045779,-0.19083575237258,-0.244778809241815,-0.344374565520099,-0.338202360633059,0.00503005593038461,0.0493924803311352,0.398434430150895,-0.491689808501792,-0.493722754415982,0.397308698151151,-0.153465375528146,0.163732171808729,-0.240838523451679,0.314215303389431,-0.464780767870767,0.0429849666298729,0.209088361127053,0.0901925217304508,-0.047728699540798,-0.600607726140795,0.371284979166757,0.319842244631274,-0.144175040766705,-0.0987007702577177,-0.335960449309387,-0.54216768351675,-0.526086459870015,0.0716827644932184,-0.502793627285279,-0.100938787432114,-0.135135773324491,0.0670685191958033,-0.193520710545884,-0.716294847175108,-0.186079565790705,0.251796000369965,-0.141063860600283,-0.212806119760925,-0.538399326117813,-0.230217368384426,-0.14613024958585,-0.00161779695883242,0.272715515288825,-0.141079995592205,-0.20866115511999,-0.0663456690974744,0.0255435517831318,-0.0642004505509662,-0.172224161553809,-0.0281931444254159,-0.170125496853193,-0.355272528671974,-0.0689965759166867,-0.0932787993906687,-0.233772192374288,0.0274556689343914,-0.383881288230513,-0.257638227619309,-0.0403603167518325,-0.433505260660908,0.0573861566089746,0.161024835000699,-0.0754786949173872,-0.477460271492975,-0.0134054225454232,-0.0872101170758215,-0.240324923126971,-0.135370017571194,-0.459891838805242,-0.196381575096696,-0.256789027027783,0.213829688056297,-0.190626233619985,-0.210131401172532,-0.500159552211349,0.180379691141395,-0.149348079735516
-0.10192413417825,-0.161973392272114,-0.135850381297638,-0.132675202153366,0.218094514411376,-0.519688312202591,-0.181165489822186,-0.0137934861201163,-0.309133544707366,-0.70606546862765,0.0793970089142107,0.0894461450549037,-0.25176076302133,-0.16290103360638,-0.130497921056312,0.0272189678931481,0.422951720956769,-0.0578239142379703,0.306220951919285,0.401937888639521,-0.142849327620354,-0.0561743949722576,-0.367604865977877,-0.131062295698567,-0.448538450842904,-0.0517356182112957,-0.0678129036651626,-0.456685648092578,-0.497071494772343,0.155741536706312,0.0153257367373359,0.164153378427362,-0.444994790935571,-0.211493317561417,-0.12392503725557,-0.267294376772401,-0.285417535977335,-0.550247536202117,0.00663651048324019,0.0944246538491898,0.289098281000864,-0.117064463927339,-0.00388097286576809,-0.349483854014797,-0.508814049167331,0.400247282475802,0.339800356687573,-0.733976269777313,-0.692985062754294,-0.0142105361026838,-0.0379818282196595,-0.0332682979338673,0.173601384792751,0.0345124919180617,-0.0522877163496902,-0.245152210991304,0.288630445468042,0.0133136975108273,-0.00511680796361024,-0.229834834405606,-0.166008149983904,-0.134330667111125,0.089117703601832,0.175146522804167,-0.305301721736495,-0.347590758941343,-0.358600733226993,-0.390355129915349,-0.40344582114553,0.349982572122434,-0.217422545032462,0.313327335392884,0.00759424258169726,-0.685281241665936,0.474026721104649,-0.682310355867491,0.0944864938453775,0.252290052271786,-0.186991595165366,-0.120117619822187,0.087361109934977,-0.125287563891657,-0.0602138848724378,-0.478076579006165,-0.518060960524599,0.0110610416950948,-0.193978065146219,0.143610969084235,-0.252037577529542,0.369431262175248,0.247533555137446,0.418078132172126,-0.0501424759440536,-0.427884070153998,-0.0948279054630595,0.391249667849871,-0.0376347287461396,0.423149086143444,0.0882215434024518,0.281015811640829,0.109596141263475,-0.0717939629098368,-0.124228818511855,-0.219620577916623,0.170733691400395,-0.0675003984430101,-0.284924519027923,-0.412860101187429,0.0204590125202664,-0.797026537825182,0.432979158854182,0.0960341243684526,-0.0953849728175974,-0.126456514442212,0.230927376175922,0.180079999072105,-0.149503336235503,-0.265568382715567,0.274143892063758,-0.0917107904353067,-0.212998576680953,-0.224951479212864,-0.29787416829356,-0.305669780254427,0.0282758645718987,0.0636920394855415,0.439045550881074,-0.514746806115178,-0.499256370836023,0.401314134256404,-0.0998122076686548,0.172302318117507,-0.220932271726911,0.343331805933672,-0.479245047858538,0.0561896229150504,0.221050865817262,0.131293182743786,-0.0134608266062439,-0.588144195872319,0.40822773323158,0.318839166797146,-0.236295056498748,-0.0751576823594817,-0.325194496646677,-0.523337373364853,-0.488032045017648,0.104334083483362,-0.484226626439078,-0.0926772027035566,-0.113402529484402,0.0531479856571476,-0.166570910941525,-0.707873984310721,-0.239072479803095,0.280753310821443,-0.136739204753596,-0.221780978329582,-0.53594490244974,-0.189526161791067,-0.159654274148856,-0.0230483407891311,0.335953551968331,-0.141105962759057,-0.208652538584242,-0.047658845017859,0.0674197854019491,-0.0525403652053457,-0.15926418033359,0.0297678424649121,-0.160574708424449,-0.33448167141169,-0.0480283675787405,-0.0972702493095557,-0.215476026695429,0.0374136025778472,-0.366455038265606,-0.238360352932765,-0.0415831954985322,-0.445084533112411,0.0883611317769607,0.198932263310306,-0.0399464578362781,-0.474143033095176,-0.00216027164637082,-0.0980645398495586,-0.217102340451827,-0.0883178310171381,-0.467445756573837,-0.158579397717238,-0.253057177919564,0.214226524313723,-0.179949742776024,-0.186851333645318,-0.479778755652988,0.193851998133036,-0.101889282139219
-0.0885786828616019,-0.12149247487944,-0.113804247134931,-0.121708351691749,0.210055369594897,-0.516270964682613,-0.146617271604525,0.0142891618922512,-0.294600731822363,-0.67156501158008,0.114917410027927,0.0908019226361818,-0.254493128514991,-0.139990795577776,-0.129490304252485,0.00533275932632963,0.404333008833805,-0.0405103313057714,0.300554366570823,0.372652745720213,-0.159328270898898,-0.0415318459513303,-0.362454435281815,-0.111755232583359,-0.396895236343926,-0.0118950880157935,-0.0406601712005565,-0.406401695169011,-0.473605130068632,0.145368912200206,0.0369397487833513,0.211793973655062,-0.431621400031959,-0.224858419938515,-0.110623519320833,-0.203403775642131,-0.316016975862275,-0.501507102686143,0.0206554852354364,0.105945743227175,0.335953896275635,-0.106941054798623,0.0134364976825572,-0.302042355493326,-0.494670544527199,0.429619099582319,0.346702873664671,-0.722556497670974,-0.657269502986967,-0.00426794837108003,-0.0580652696213564,-0.010621394402816,0.219716046169888,0.0496395875200458,-0.0245304851744596,-0.205755309636153,0.246960835689032,0.0248839340391679,0.0100976466871468,-0.179603016826186,-0.178349218009847,-0.100890473456136,0.117847095575833,0.199110121645959,-0.263591828089521,-0.295859004203497,-0.338016813585044,-0.334201201423425,-0.362834701299119,0.360416148946001,-0.140216374271825,0.32209337040593,0.0258061506348818,-0.67448570940573,0.510273341146352,-0.651808766295667,0.138243419475978,0.241075484636268,-0.167202035253975,-0.104791958385205,0.134544738222172,-0.0872933757187947,-0.0574768402386735,-0.427712454343182,-0.486128504732229,0.0438585997452446,-0.152722455251621,0.156841264698687,-0.195294333654451,0.364269084506657,0.220479777401608,0.413137260278095,-0.0092559296071204,-0.405729460995291,-0.0977140027508787,0.388196618942589,-0.0582896173002505,0.474180037790763,0.127998979342429,0.258803078479134,0.0937474686786532,-0.0555766199979525,-0.114483120576891,-0.228045393115041,0.200182816786345,-0.0425015969571045,-0.273364190852874,-0.359337127717756,0.042981044231502,-0.786680061594282,0.452283122079967,0.0916836304011324,-0.0496559440992186,-0.110263084082398,0.29239592332788,0.172620760834628,-0.144224658532028,-0.241895996375127,0.301844388346306,-0.0737011406583458,-0.229642564212555,-0.206381825952664,-0.25154777825839,-0.273826626049526,0.0488515861550727,0.0753330379914014,0.479325337950455,-0.530112805387908,-0.495791459985302,0.403728961560038,-0.047178044932968,0.179432955317234,-0.199306647469197,0.373867661963573,-0.490562067549488,0.0677688105204197,0.228213959226169,0.169004099584387,0.0253558025540254,-0.566983037229553,0.441016351689929,0.314445599075435,-0.308316578501682,-0.054021149275878,-0.310748933033501,-0.498118718897778,-0.451399309436226,0.135648725061139,-0.459468231721483,-0.0898105760718552,-0.093696295891603,0.0422407356470844,-0.140010386290668,-0.699314358354821,-0.279839362720239,0.308018530324065,-0.130918737179336,-0.23069117719389,-0.528299379179406,-0.146558417852236,-0.170032771808649,-0.0455716407735757,0.392029480089754,-0.144593601025653,-0.205042362449209,-0.0303837897333747,0.106099414703529,-0.0407485399340976,-0.148665198307765,0.0884391500398976,-0.15080027840669,-0.318575372687946,-0.0264285036497349,-0.100080007814634,-0.19927083357242,0.0446494401909512,-0.346549861956719,-0.219318914111453,-0.0418600916875219,-0.448175785266563,0.115803639506155,0.235703294616125,-0.00146271462241138,-0.467813420444378,0.0123863302353516,-0.102819522306937,-0.189373417940038,-0.0418382241694246,-0.469791013248684,-0.118277439287359,-0.247575235498965,0.214805573365204,-0.164348906571564,-0.166055959943859,-0.452906743986005,0.208043064394276,-0.0546586427161206
-0.0738898458780146,-0.0790667975997497,-0.0930284597938665,-0.109663963939321,0.199640126919007,-0.510974494065462,-0.109794785671593,0.042275780109541,-0.278081171627612,-0.635530382420622,0.14537050668766,0.0909206990995948,-0.258786868177021,-0.11531400407872,-0.123466868055343,-0.0125963250614156,0.383147803134916,-0.0271625529012738,0.294859761404134,0.341748581166489,-0.173789003230986,-0.0274245943851317,-0.35399770057336,-0.0941755782973947,-0.340156297834504,0.024909737331561,-0.0111571324773225,-0.353301774150735,-0.442263591455011,0.135254068766035,0.0579122473793066,0.257722204443216,-0.418119816990015,-0.237295831817145,-0.0951378287806837,-0.140702855027871,-0.338729016891575,-0.454499234575168,0.0298746080949624,0.114116312235254,0.36613833534653,-0.0952043340093538,0.0336722571483054,-0.252564196759596,-0.474103260082942,0.454357638374703,0.355942402470768,-0.703909019272705,-0.617059690463988,0.00205702835516023,-0.0755694945317592,0.0150853245249937,0.262193540225308,0.0701641097122681,0.00381988882532648,-0.164267729409224,0.204739632780967,0.039123345981266,0.0255526555640625,-0.131598450259625,-0.18912105394223,-0.0638702929677288,0.147326406793529,0.223702788415315,-0.220575067587214,-0.248930668690159,-0.313710717347657,-0.275652097936474,-0.316783845765569,0.363948640068715,-0.0662153339974871,0.328346590907751,0.0431192166202096,-0.658749899653951,0.543102061850055,-0.623247873592414,0.17815828433186,0.227950777261816,-0.14592389356903,-0.0903194333454269,0.18043480326935,-0.0501536515276714,-0.0481134482684594,-0.375820396262386,-0.4530904427455,0.0737740929899878,-0.108799558651286,0.172438143954591,-0.140360421555348,0.359182502177582,0.198172362453272,0.408052437728954,0.0334045922533868,-0.378996180936767,-0.0963343842548253,0.381747567516524,-0.0789793707935564,0.520379790584594,0.166818853460655,0.237374848628051,0.0776737231507276,-0.0388874135304668,-0.100150266323263,-0.234918688986981,0.227007447920032,-0.0184768258014219,-0.259267914820502,-0.305679257446179,0.0667070571929883,-0.773377268801562,0.470662763683593,0.0883886712472679,-0.00279840135524809,-0.094338761576645,0.351907748431392,0.165011617755521,-0.141059952640512,-0.217372994475603,0.326424594604268,-0.0559652633531455,-0.240841699486385,-0.18931010524118,-0.204557575402284,-0.241753824017354,0.068015336617182,0.0857620843599446,0.518777455847124,-0.537650434473565,-0.483708703798635,0.405002692564231,0.00502397914249588,0.186065627592404,-0.176280518290023,0.405699288393933,-0.498185322531834,0.0787999353501438,0.230262921405034,0.203911668052177,0.0679889610168253,-0.537787490652467,0.469823994014778,0.307842264143252,-0.361760739625109,-0.0355802043572118,-0.292939676432576,-0.466900892526064,-0.415787210014811,0.165121098300992,-0.429399901498965,-0.0912699567560581,-0.0758872479250327,0.0346975826294045,-0.114102889102077,-0.69038969637784,-0.310084157877606,0.333015687043948,-0.123496626843561,-0.239519493646072,-0.515229134711149,-0.10185056347848,-0.176858121486767,-0.0677803596118146,0.441213745753427,-0.151415806352849,-0.197749929687073,-0.0144178875954243,0.14186762486362,-0.0286604216206895,-0.139790097093192,0.147586657481542,-0.140841818787917,-0.307171341912073,-0.00442942766374468,-0.101692313465432,-0.184908136957044,0.0490034519354266,-0.32374124386226,-0.201141634239559,-0.0409347524999917,-0.442805855150961,0.140843921309623,0.271167029015229,0.040257774267414,-0.458553891437674,0.0298389407642542,-0.102215987417811,-0.157606685042431,0.00447241234718354,-0.466356968908205,-0.0753521258763302,-0.23920996410006,0.214901654457059,-0.14436493451271,-0.147319025542528,-0.420207471535866,0.222836841184405,-0.00783983417887659
-0.0576326291516594,-0.0348757503907054,-0.0731106080058671,-0.0952256738243776,0.18736664759057,-0.504033793399355,-0.0713786779283252,0.0710167668936472,-0.259649320623084,-0.598245361270335,0.172358388803325,0.0906371274096063,-0.264111079202248,-0.0893079598083249,-0.113547880809632,-0.025678103852887,0.360894966600983,-0.0178238751507742,0.289059835334572,0.310264208999673,-0.186341096079432,-0.0133096285859622,-0.342628390307867,-0.077763679675655,-0.278592255081552,0.059555130147702,0.0199613245886044,-0.297917903864507,-0.403735518951051,0.125390034365901,0.0775169128055634,0.301330259384624,-0.404177296530534,-0.248627488650445,-0.077529131066838,-0.0793215002233489,-0.353707106524734,-0.409335057758829,0.0348795870908484,0.118649636680071,0.382558260173409,-0.0822548810208406,0.0566274170766339,-0.200772258224873,-0.447775225409476,0.47513770895971,0.367090830434655,-0.67809868035416,-0.572831916463792,0.00479914764815743,-0.0907180463812753,0.043350017476238,0.301241700514592,0.0967296872551716,0.0329272828785349,-0.120780422872166,0.162210971262898,0.0551681497478772,0.0419367148742309,-0.0859533163866007,-0.197817499285082,-0.0236316942702479,0.177424876964322,0.249567602043533,-0.176721991136439,-0.205696374181415,-0.285931992393832,-0.214727636216444,-0.266023341925883,0.361079790810224,0.00509428037156131,0.332150787029821,0.0593722706207488,-0.63846109449967,0.572606875246643,-0.597011420234069,0.214318208900597,0.212841073100977,-0.123044496760116,-0.0758145537097873,0.223936779414899,-0.0140223960722704,-0.0328840274056775,-0.322672444666431,-0.419046217784691,0.101047795737784,-0.0628019267253325,0.189704375016857,-0.0873359524544915,0.353368474974963,0.179722546497135,0.403707073882028,0.0773469796223202,-0.347713756448599,-0.0908396235312569,0.37225786336213,-0.0977271701548392,0.56173108890219,0.20473024225989,0.216950651147732,0.0619235111077457,-0.0218365081588424,-0.0814988599226805,-0.240426693518174,0.251524084522376,0.00465517899651843,-0.242475688200346,-0.251457734529981,0.091169656146207,-0.757601509685443,0.488109756257923,0.0864255823972625,0.0453538285069737,-0.0779453897027582,0.410199735584713,0.157224488389016,-0.13932299335268,-0.191647437418218,0.348233156642,-0.0388340161340249,-0.246905466750447,-0.173954757634223,-0.156469480723572,-0.20846203964797,0.0869371596678146,0.096009722767617,0.556405148938188,-0.537460790823032,-0.463734937280943,0.405534849060378,0.0573730344021959,0.193201981299316,-0.15226309527924,0.438771494443898,-0.501648557232783,0.089978261542233,0.227180273428297,0.23631865757826,0.113542255752271,-0.50130418283208,0.495246414508408,0.299943815658669,-0.398816418118528,-0.0198222346820024,-0.272352233352898,-0.430140740848192,-0.380863760408576,0.192454136466257,-0.395127181182335,-0.0961890558613484,-0.0599523377844591,0.0305836268530938,-0.0892883094750292,-0.680999175101263,-0.331639075929288,0.355301632022552,-0.114542123968098,-0.248405651375974,-0.496499283721401,-0.0560244439502109,-0.180061768944065,-0.0881542197440533,0.484096560875355,-0.161190444977416,-0.186689811403453,0.000574196723564586,0.175044975139531,-0.0162509221194219,-0.131854384399617,0.20707518605608,-0.131065504169594,-0.2998187169268,0.0177301302027121,-0.10196866959487,-0.172033539513725,0.0505550399700526,-0.297699216471391,-0.184318977949367,-0.0384049000208465,-0.429221291998823,0.164643926089718,0.305208481323067,0.0853833015221505,-0.446369055394088,0.0495159147252282,-0.0971647695197799,-0.12233518863062,0.0512187146818888,-0.456590654828239,-0.0300812370835663,-0.227122603140469,0.214201496635899,-0.120680350181189,-0.129969946965387,-0.382364224743632,0.238141473653732,0.0384828104334527
-0.0398922684001405,0.0107287637631686,-0.0536287300089134,-0.0775113530299782,0.173539913784464,-0.495367235939486,-0.0323241532246436,0.101237544936858,-0.239252046189915,-0.559976983331979,0.197080225489684,0.0909980396450102,-0.269935911941509,-0.0624123035324956,-0.101081403019806,-0.0334008767630469,0.338719750004338,-0.012183329786894,0.283069314462117,0.27899236150278,-0.197472130919715,0.00131180394164403,-0.328908641688542,-0.0619181395182416,-0.212598281813666,0.0924667906064396,0.0519306094174446,-0.240800143487911,-0.35898487115885,0.115460505616864,0.0952007792157127,0.342510110783685,-0.389280286379254,-0.25876811711651,-0.0576905709769244,-0.0193631871066225,-0.361459249670644,-0.365770599230699,0.0362158566207556,0.119332143750849,0.38804756460728,-0.0684716215898373,0.0815551668537242,-0.146529130403455,-0.416706010069062,0.492757001017406,0.379370558195084,-0.645192680665606,-0.525007997856865,0.00384453057357097,-0.104140532150296,0.0738961299845056,0.337415017430357,0.129778880874474,0.0628317865609422,-0.0754727514595269,0.119935213789523,0.0720078203460141,0.0594078029310674,-0.0423908591243685,-0.203707755341447,0.0193908629081991,0.208326399498621,0.277371389316986,-0.132934173361496,-0.164721555166262,-0.255041904286849,-0.15103898805551,-0.211187067743899,0.352399231909064,0.0745178043808557,0.333748074459922,0.0744566332004394,-0.6138910557229,0.598673436496403,-0.572924272863034,0.246742351655957,0.195359918690513,-0.0980126153326791,-0.0610330830079753,0.264416515105793,0.0209124790865032,-0.0134032725296327,-0.268301781396309,-0.384289607240923,0.126187872889558,-0.0153835091565425,0.207509331265581,-0.0366386747571294,0.346278594643325,0.163654772916127,0.400420773314811,0.121937946152785,-0.312341963594527,-0.0814585973088464,0.360600916173544,-0.112868025067328,0.598191928379909,0.241380412195449,0.197661384823593,0.0473512725636493,-0.0046054091477913,-0.0589455883252381,-0.244272227531619,0.274203276732436,0.0270067130439207,-0.222870238172952,-0.195871498466312,0.116060499116656,-0.74004182295089,0.504250201875228,0.0852139418576218,0.0952709159278623,-0.0608421281233434,0.468107223672666,0.148818232015923,-0.138035572133411,-0.164322063629053,0.367792188841185,-0.0227427738441368,-0.248516974296166,-0.160140713986626,-0.107388331206619,-0.173244866081735,0.106603270874022,0.106272097028977,0.59127774926331,-0.52961659323906,-0.436797178563143,0.405557083947219,0.110277072530485,0.201567111971253,-0.127510376428544,0.473009212184463,-0.50041261311575,0.101564289728269,0.219388516413961,0.266277517653532,0.161071562357106,-0.458265390348838,0.517985383675212,0.291243787778565,-0.421960816193603,-0.00602814996135116,-0.249812979680019,-0.388353674905234,-0.34606295391089,0.217667052842767,-0.357665497287614,-0.103954415520079,-0.0454382672319624,0.0292893364954397,-0.0663092022226824,-0.670874786112293,-0.346275818478749,0.374343529167219,-0.104447743970359,-0.2576769360205,-0.472130656392333,-0.00968874743035247,-0.179753478299471,-0.10514242374359,0.521213668310764,-0.173257327534067,-0.17194822806383,0.0149332831832247,0.205646864714943,-0.00329698903047654,-0.124049747979448,0.266648696097984,-0.121830511096035,-0.295994456633361,0.0396813109303605,-0.100900212882387,-0.160030904024367,0.0498745084183744,-0.267977118497644,-0.168946354765422,-0.0337419412271576,-0.408051977615826,0.187962560367605,0.337809663484902,0.133906924750118,-0.43104699163093,0.0703511925724758,-0.0885455116893999,-0.0839183925408779,0.0990865310212685,-0.440131681491939,0.0168486021336876,-0.211119000632431,0.212643209966089,-0.0941312530180484,-0.113128217828596,-0.339871659908671,0.253322408463706,0.0841467971741712
-0.02115498817577,0.0575378377273053,-0.0342706307231276,-0.0561930254062424,0.158222944417965,-0.484660446702068,0.0065427989154451,0.133231061414523,-0.216776948140105,-0.520864871231713,0.22015769607338,0.0925831654902118,-0.275616216198067,-0.0347909609972661,-0.0871601462172028,-0.0358555610773889,0.317312593737829,-0.00955430789928293,0.277151388917268,0.248134645701847,-0.207733944805361,0.0167118349955357,-0.313583402626478,-0.0463136444415879,-0.142711859150904,0.123486138454392,0.0842966245805336,-0.18252099301346,-0.309021032520677,0.105044469108134,0.110626058512432,0.381471482562139,-0.372750807332455,-0.267965315382229,-0.0355131176124441,0.0392589550271335,-0.362810602411298,-0.323275252985023,0.034405504913165,0.116257549029273,0.384845648691076,-0.0542360060603759,0.107619190173779,-0.0900352773480818,-0.382269956035066,0.507826526396606,0.391769230544559,-0.605582683909265,-0.473898987519235,-0.000580428738369269,-0.116540057833057,0.106633292066104,0.371250049037917,0.169679814328223,0.0933594170357192,-0.0283972345399115,0.0786119777770287,0.0887930844753856,0.0780567039937979,-0.000356449046014365,-0.205850940653063,0.0645161096927463,0.240346610953936,0.307713783677195,-0.0904430961641292,-0.124774366152388,-0.221361334958616,-0.0839957057337927,-0.15271118195405,0.33850117440845,0.142808185842928,0.333237433302743,0.0880987593417379,-0.585348101300246,0.621120030812959,-0.550281762093556,0.27565243456415,0.174962446996617,-0.070300111992316,-0.0463172065572468,0.301725147922652,0.0547289544367586,0.00840728660739833,-0.212626535174606,-0.349334606689544,0.14951985712403,0.0325332868701366,0.224743838675301,0.0112080584453568,0.33758883704654,0.148477511760361,0.398259887463444,0.166557104069348,-0.273495267364138,-0.068558163953104,0.347794121275393,-0.123706660064894,0.629884065531312,0.276062873077188,0.179334751895943,0.0349068904323822,0.0125297170875198,-0.0323284651455374,-0.246144499318395,0.295587788927362,0.0490659720912362,-0.20035052295461,-0.138206698661391,0.141077083678657,-0.721474598648518,0.518669895204037,0.0838254575999891,0.147490848060086,-0.043621175711428,0.526212204477995,0.139307193003204,-0.136378708162585,-0.135092634394959,0.385519150409161,-0.0077432986806689,-0.24667297995293,-0.147407887393005,-0.0578199971028556,-0.135806420658508,0.127667638580101,0.116004736180188,0.623048848618166,-0.514326913998287,-0.403936410866432,0.405125211857444,0.164173919595621,0.211504108297649,-0.101949830355188,0.508141887418221,-0.493941257782508,0.113675572837012,0.20769609206832,0.293640377510596,0.209550260536053,-0.409343555766225,0.538507781104178,0.282055173724803,-0.433538840025553,0.0070562489203694,-0.226300582653141,-0.342191543326937,-0.310503124683669,0.240968701768735,-0.317586767559595,-0.114229227596663,-0.0315260822006301,0.0295942488652974,-0.0458316936926114,-0.659810344031749,-0.355320004329061,0.389754525923192,-0.0936723365340848,-0.267701814358577,-0.44247566494151,0.0366565228906329,-0.17599221623307,-0.117526263891714,0.553027982582386,-0.186636448384951,-0.154065105223906,0.0290001112088346,0.233335425836747,0.010939315450766,-0.115822717121139,0.325951882516055,-0.113328614498575,-0.295010395286871,0.0611657132086753,-0.0986425676428381,-0.148328238406511,0.0479422598437843,-0.234284044169097,-0.154975258110501,-0.0265507847088409,-0.380317282059197,0.210879002785846,0.369079441547454,0.1855993504924,-0.412179640061206,0.0911558458211626,-0.077381926281882,-0.0426502556825413,0.148767978130543,-0.416991090318503,0.0646212645766173,-0.191478865636619,0.210109087925092,-0.0656279990207483,-0.0960773636403524,-0.293174463850405,0.26722275630274,0.129087019555249
-0.00222371604020454,0.105651439164035,-0.0152230619053334,-0.0310748735570668,0.141069875601218,-0.471691779565386,0.0446733422516011,0.16683992444139,-0.192126302520053,-0.480739504212466,0.242018625694527,0.0951009183580898,-0.280431513949589,-0.00667575814949278,-0.0723349727057915,-0.0336398586496871,0.296849707703535,-0.0090552219494862,0.271938285585783,0.217240855838524,-0.217152139393762,0.0333098263750885,-0.297193416692925,-0.0311355146979598,-0.0693038269681579,0.152140167730379,0.11674567709441,-0.12353928307629,-0.254621226826761,0.0938599747758917,0.123355796862499,0.418547510047353,-0.353822872729309,-0.276762898979894,-0.0109630230000805,0.0967324269767689,-0.358935985353063,-0.281201919852468,0.0301660927564987,0.109642290011753,0.374488965766055,-0.0399055062134127,0.134068552296849,-0.031641630840882,-0.34581543553254,0.520604747919135,0.403574689856049,-0.56006855071703,-0.41973064109964,-0.00788970782340668,-0.128572112200496,0.141463998000495,0.403030032316995,0.216362980233981,0.124305600700145,0.0204233021571953,0.0388583656583832,0.1050134567935,0.098134954059779,0.0407922784250432,-0.203592235081751,0.111004574484776,0.273961005191034,0.340852432693405,-0.0505641621873017,-0.0851228079307135,-0.185283962204143,-0.0130190368582155,-0.0907656827649549,0.320020516056209,0.21060551834169,0.330624840006135,0.100036331095433,-0.553105032468809,0.639920472728079,-0.528154950073232,0.301449183468171,0.150876907486441,-0.0398344883297197,-0.0320372310924553,0.336329014934656,0.0880987650339199,0.0309488789761994,-0.155520095110297,-0.314734213146792,0.170814739900746,0.0797597543179523,0.240692188298348,0.0560444335734857,0.327290210203217,0.13319214850364,0.397538379866403,0.210454158080456,-0.231764889216103,-0.0526522965715582,0.334727172208444,-0.130615497886774,0.657090442489891,0.307819343862546,0.161656555762411,0.0254686332132468,0.0293622913835207,-0.00101573711794006,-0.246000371439402,0.316117977084609,0.071503888053838,-0.175005555288983,-0.078082194144812,0.165997881387299,-0.70238830212613,0.53120365788623,0.0812604063281816,0.202339913370399,-0.0273817388965196,0.58473342140652,0.128568848984326,-0.134133032742381,-0.104061854801103,0.401622690828817,0.00680006231316378,-0.242555297375919,-0.135368234289444,-0.00875959943539084,-0.0961493244076134,0.150209527032482,0.124385827604004,0.651930857759875,-0.492253936639287,-0.366249657327219,0.404094767342482,0.219804096463718,0.222878368541605,-0.0754308458412485,0.543723130476442,-0.482036212522375,0.126331845970887,0.193090491149004,0.318265206549539,0.258151355611243,-0.355100567118005,0.556904680652632,0.272374315797342,-0.4356433517478,0.0205097343135126,-0.202508478344345,-0.292549927228035,-0.273276282649898,0.262410997788815,-0.275190017479341,-0.126623834255666,-0.017764895240605,0.0302798350360444,-0.0280425627316748,-0.647800635334448,-0.359518721350889,0.401474084511251,-0.0828275299524249,-0.27843993583036,-0.408087925598504,0.0826739801095983,-0.168843072128664,-0.124765652284893,0.580026276972195,-0.200464058856266,-0.134079141950034,0.0431251360025929,0.257712615175661,0.0273540455088473,-0.107056506638545,0.384727097444312,-0.105463681187578,-0.295959201639138,0.0820171647203596,-0.0954775047989227,-0.13692332748035,0.0455678926125327,-0.196801331002236,-0.142478189724072,-0.0169563609674147,-0.347215593582343,0.232746299038794,0.399353274305426,0.239786182094725,-0.389374897442959,0.111002720799226,-0.0649363831965383,0.00103938855527165,0.200853670056771,-0.387524631032683,0.112385749199672,-0.16866981009803,0.206404827342887,-0.0358441428663549,-0.0789054096150286,-0.24287521619729,0.278590430622917,0.173688290608598
0.0163176984147001,0.155307242091123,0.00253273901391005,-0.00169270810762192,0.121678217684964,-0.456497766823966,0.0817582455615774,0.201586703170793,-0.165155625310055,-0.439079932137922,0.263198249500748,0.0978284586491641,-0.283884332416574,0.0210950092167128,-0.0563399976218119,-0.0277546459487022,0.27704694213909,-0.0100355125395423,0.268029285884918,0.185282665457704,-0.225331132552591,0.0517117326996333,-0.279813827246809,-0.0171218822366135,0.00755555789962352,0.177990029274609,0.148486369430622,-0.0641294370999382,-0.196387365888687,0.0817785036938446,0.132809669058085,0.454441273907413,-0.33178645509266,-0.285961323846328,0.0159051676295247,0.153304344089372,-0.35149652580001,-0.238859348141964,0.0243965389865305,0.0995253269506505,0.358429458028775,-0.0258153392128048,0.159943474430416,0.0284731802967812,-0.308437322445805,0.531193994792325,0.414641913605388,-0.509592313423802,-0.362675974376556,-0.0174458630850154,-0.140757388710123,0.178355588160711,0.433042327306062,0.268931726601597,0.155696376462109,0.070933458002634,0.0010430788208169,0.120377196693699,0.119843157130379,0.0818178483012255,-0.197125851505038,0.158364896906129,0.309988331236025,0.376731852725412,-0.0143749794434836,-0.0455247668649773,-0.147427308566132,0.0619557009276734,-0.0252853487026953,0.297595429300165,0.278527942561686,0.326344996876536,0.110309731819267,-0.517418067270727,0.65538956095867,-0.505610025131306,0.32454839027191,0.122348113636582,-0.00681844123961742,-0.0180127803584236,0.369464975747724,0.122075628653408,0.0532863810306871,-0.0969387014918334,-0.28079395259707,0.189678892861768,0.124952381604394,0.25500308805583,0.0983701645324344,0.315704038134226,0.11764840820074,0.39863869551919,0.252934882030057,-0.187694038908042,-0.0342119765787532,0.322158166317893,-0.134588835503926,0.680114197920044,0.335649570359507,0.144359755428197,0.0196524848187054,0.0456059874014553,0.0354076557304067,-0.243732312544122,0.336252395870035,0.0949263274441613,-0.147424868376638,-0.0156008515362036,0.190704479345641,-0.682537897146569,0.541649695094277,0.0765301300377243,0.259790760758667,-0.0129491302272156,0.643831870840742,0.116907723480029,-0.131732577129628,-0.0720549437569974,0.416242432743201,0.0218950984016702,-0.237269238060209,-0.123793294090374,0.0384550917492472,-0.0543622080121707,0.173578611807419,0.130809605953116,0.678287932327455,-0.464854507975058,-0.324795308022623,0.40228431029602,0.278002922940076,0.235254498773156,-0.0481581642007283,0.579659148744518,-0.46516375569691,0.139365313157158,0.17653905940459,0.340308226653573,0.306592812082265,-0.296046459188449,0.573312830767581,0.261845266075738,-0.430362025468613,0.0345726419921026,-0.178663209701449,-0.240521793608053,-0.233669895086609,0.281914693032727,-0.230862729072807,-0.140485578256142,-0.00458347369612017,0.0303498115768265,-0.0128354318273548,-0.634997413179518,-0.359446692097054,0.409768795153403,-0.073115968037994,-0.289123585855522,-0.369562307590017,0.128204571123062,-0.158648297452097,-0.127090372377569,0.603173220038431,-0.214546686713233,-0.11330946198782,0.0574852652573847,0.278795795678564,0.0462398544413271,-0.0982639145682705,0.443005196584893,-0.097872482209839,-0.297768339608597,0.102044097506856,-0.0916417926723956,-0.126582352490647,0.0429926563439409,-0.156211810329046,-0.131680858759294,-0.00558351377788052,-0.309948903034381,0.252849622099736,0.429163643620029,0.295201301120593,-0.362593932262008,0.129546276859843,-0.0525036391592114,0.046581902247227,0.255599249622987,-0.352409539817017,0.159204686757102,-0.143255668613298,0.201349313490227,-0.0050350334563654,-0.0627281723193366,-0.18982521772133,0.286683312986801,0.218907645137355
0.0345297472555409,0.206657914285359,0.0181243970033997,0.0324279536014219,0.10019049829169,-0.439345169167608,0.117732918346677,0.236972314962906,-0.135532997126851,-0.395120423780158,0.284273884194457,0.100325620222748,-0.285871276692377,0.0471254704581004,-0.0382972289154392,-0.0194351201639162,0.25729073294091,-0.0122002517332247,0.26561468402383,0.151116432994493,-0.231783602482439,0.0720893794409199,-0.261295774947959,-0.00484613032262914,0.0878982252830992,0.200966725593404,0.178165619955247,-0.00457254405216716,-0.135130453048691,0.0684749004779149,0.138960596278389,0.490335326172555,-0.306080224895116,-0.296456667101376,0.0447658251505515,0.209385315230043,-0.342690467501456,-0.195742806666712,0.017759465661337,0.0860767198229451,0.338312625342519,-0.0120597239250254,0.184078703197004,0.0902728584842674,-0.271108510366007,0.539716391237099,0.425200949765836,-0.455222962048769,-0.303154221050749,-0.0284542841577865,-0.153303512122942,0.217471243308734,0.461766322496119,0.326123042982691,0.187644715833729,0.123028999618413,-0.0345641510065219,0.134815118533667,0.143017026594919,0.123417768449213,-0.18721419533879,0.206407301592742,0.3495097444768,0.415265382889421,0.017681920279492,-0.00600202348828993,-0.108671941990154,0.140235435176429,0.0436037079566805,0.271849343986044,0.347119152268172,0.321515659559598,0.119319209785339,-0.47875672515013,0.66828445000397,-0.481819949496362,0.345235826671969,0.0892840109295732,0.0285575113697017,-0.00362082646272681,0.402768146037722,0.15769392900999,0.0750513451229249,-0.0369629153200826,-0.247526362917793,0.206073318155786,0.167145091276135,0.267760581492879,0.139175815665814,0.303496252364158,0.102637039453109,0.401649034283363,0.29371590259495,-0.141897171573512,-0.0136812749027023,0.310696574529905,-0.136369287039971,0.699460748676838,0.358982777322613,0.126908327575018,0.0175508444571657,0.0609746450696807,0.0770783483830815,-0.239008514437231,0.356730835667603,0.119670349645095,-0.118657802230007,0.0489656643205826,0.215173740275417,-0.661244149486012,0.549621098523739,0.0687513021121588,0.319468509994504,-0.000206382936040473,0.703919808265018,0.104735428308989,-0.129863992158244,-0.0405344007031792,0.429499084824448,0.0381205864212797,-0.231516664264582,-0.112438964499588,0.0830448551928098,-0.0105057095674199,0.196762974762035,0.135221678386082,0.702557763261302,-0.434241816341997,-0.280667121021994,0.39977894529655,0.339212826296422,0.248567131794292,-0.0207694587664791,0.616579380599868,-0.444319089126289,0.152597027382543,0.158803835599458,0.360159562324997,0.354974848336279,-0.23295265230137,0.588318795351881,0.250125335826428,-0.419897358107344,0.0488538181491136,-0.154869138073146,-0.187229102642211,-0.191268912848011,0.299724439691303,-0.184921033681976,-0.154761982210484,0.00679614621265517,0.0289153474302382,0.000100431853088905,-0.621679513540039,-0.355731239293531,0.415472688857903,-0.0656293407040169,-0.298579636291546,-0.327337336919452,0.173137444703331,-0.146050580632702,-0.125244684109788,0.624337800576093,-0.229231918656801,-0.0930520946613734,0.07206525607584,0.297065082335831,0.0673222118501905,-0.0903378171176709,0.500951638115261,-0.0898994428629637,-0.29917274113486,0.12129740819792,-0.0872643350198959,-0.118391089753657,0.0401009887038596,-0.113447188719178,-0.122781009753876,0.00678171223355436,-0.269662440181679,0.271099899411096,0.459241024374747,0.350430796667065,-0.332392751252825,0.146892136604122,-0.040982519305318,0.0934478392986006,0.312785624124839,-0.312675170621613,0.204134193439849,-0.116013978031306,0.194787716970344,0.0268982053291685,-0.0487192556490022,-0.135099149770363,0.291642217477574,0.265879996536178
0.0527838486981865,0.259403144590842,0.0316096795424777,0.071461135145763,0.0771456482402784,-0.420621404332663,0.152641461898982,0.272666610120829,-0.102851860648874,-0.348205612198476,0.305715407408126,0.102570137549862,-0.286654429438182,0.0702411683245064,-0.0177489911475578,-0.00969638697568763,0.236718880322759,-0.0152616341400465,0.26435236282173,0.113915523607774,-0.235976254323689,0.0938337094788403,-0.241478297369672,0.00595972121820474,0.171778482953218,0.221652791159143,0.204529214673198,0.054786931752506,-0.0717200403132437,0.0533570524363123,0.142644651319969,0.527220238014505,-0.276438913380772,-0.308813634126947,0.0748879388661577,0.265547115590393,-0.334955106481743,-0.151915305751631,0.0103937155306843,0.0701426366914257,0.315613737544692,0.00183831122468779,0.205813755375028,0.153784717762451,-0.234678250580377,0.546500702173543,0.435448223381629,-0.398106743925338,-0.241774914201188,-0.0397719117652373,-0.165946785200781,0.258876611216347,0.489730133760982,0.387346836394844,0.220243573577645,0.176435735368281,-0.0674770952704871,0.148581867058135,0.166996030002591,0.166121449279533,-0.174327179343818,0.255029395045219,0.393160888987289,0.45628973478138,0.04574150145251,0.0335673817002379,-0.0699400443151054,0.220623025483597,0.115368034504032,0.243525318921352,0.416687102525166,0.317583463355078,0.127856491987193,-0.437915973393015,0.679617344581151,-0.456137782333503,0.363587296270655,0.0523749427425781,0.0660838698708368,0.0116297125024397,0.437361142628212,0.195699540391821,0.0961867448831151,0.0243339827778963,-0.214728957726215,0.220258874587241,0.206458501607749,0.27944210340579,0.179589902842051,0.291262075037068,0.0893328735782992,0.406405951584666,0.332914571681564,-0.0951466986758712,0.00859571879483265,0.300727244296319,-0.136353435848362,0.715786424393739,0.378190854395749,0.108672982117827,0.0187039271896119,0.0754198293307675,0.123978378514116,-0.231672732381338,0.378666192863342,0.145689109393709,-0.0897258998862002,0.115654658282258,0.239489788926341,-0.637865831489187,0.554765772013288,0.057437364121755,0.380670651509844,0.0116981486659469,0.765339333662428,0.0922526387584619,-0.128844054283818,-0.0109185676505074,0.441519701638895,0.0552102401043546,-0.225684889376041,-0.101009391092524,0.125273141297202,0.0352986200170687,0.219139619380004,0.138148863976576,0.725288057002781,-0.402075989494423,-0.234909728531586,0.396957461343974,0.403319492166254,0.263599325095143,0.00607079552826827,0.655370182014076,-0.42060996790845,0.165945442240456,0.140505154488687,0.37823206308538,0.403355744724324,-0.166692707317825,0.602653163185231,0.237160792944524,-0.406377576883552,0.0632843472633376,-0.131094768300927,-0.13350867190921,-0.146058047369588,0.316693748316442,-0.137276906512475,-0.168187092816165,0.0150484133795335,0.0252884505299895,0.0115934545771449,-0.608126008915272,-0.348977601881097,0.419692353037253,-0.0604171709740179,-0.305988703107573,-0.281724634509348,0.217489911376387,-0.131745969428504,-0.119860751281815,0.64590834323746,-0.24510799616427,-0.0742400674868931,0.0870263891644488,0.313266556700713,0.090309257852913,-0.0839753076708694,0.558586482954637,-0.080490088270344,-0.298915410464915,0.140311530050554,-0.0824185366600271,-0.112978250725446,0.0371146291911414,-0.0693109289764549,-0.11542546220056,0.019620176962914,-0.227178245951155,0.287906395900947,0.490463739642092,0.404510221494642,-0.299542788644176,0.163145177144879,-0.0305295206291509,0.141204279997722,0.371852272238329,-0.269237023834266,0.24644504682484,-0.0876305370120846,0.186529513078445,0.060266267483995,-0.0369989040223455,-0.0796346438960314,0.294412566605586,0.315263362994543
0.0713684875600842,0.312763742837175,0.0437399323833335,0.115228308505549,0.0532591822784461,-0.400744986391008,0.186604224908929,0.308611081094546,-0.0669032885271954,-0.298444104026632,0.3279138372573,0.104740922149104,-0.286702019769165,0.0901266191096466,0.00497160748173657,0.000986916847815676,0.214509474981935,-0.0187641575567799,0.263611799282455,0.0733738881993203,-0.237617795227017,0.116062670668389,-0.220251525313307,0.0162219049212483,0.259014821232839,0.240968195370076,0.227091143765772,0.11384702136825,-0.00682661555275681,0.0358975857868224,0.144931070899385,0.565360451087813,-0.243100597214266,-0.32327101622166,0.105420646171407,0.322315017216786,-0.330330502248257,-0.107805268839624,0.00212241566347899,0.0529817236314144,0.291412635773182,0.0167377562928165,0.225274033860361,0.219058112700933,-0.199861122386201,0.552272640174796,0.44522906251054,-0.339237988709787,-0.17912838995402,-0.0503171256220529,-0.178232912443264,0.302264371773306,0.517323572453086,0.452767070060367,0.253521470450222,0.230745624844361,-0.0970758611140695,0.162060217295382,0.190864679691437,0.210341727394205,-0.158495898652449,0.304020180002281,0.440708499808586,0.499404100333433,0.0702172012707163,0.0734313251219975,-0.0318525357177061,0.301797573937712,0.1892828791458,0.213491912694011,0.487403543642898,0.315804441496999,0.136859427423738,-0.395911134543179,0.690340197295943,-0.4285260045169,0.379826085532608,0.0125538749299031,0.105456188928733,0.0276494623775246,0.473324800484113,0.236281870678975,0.11682735703314,0.0868737518653931,-0.182207931114923,0.232629692467396,0.243651741907627,0.290427647866866,0.220446079494695,0.279209194927562,0.0788260052694107,0.412567392962864,0.370826965479738,-0.0483455662222963,0.0324259055771691,0.292527580989701,-0.135084262049761,0.729777329300652,0.394612401661636,0.0894944168413525,0.0223914892379605,0.0890701711737008,0.175770761928377,-0.222215426424896,0.403249925191952,0.172622281227369,-0.0613026462064566,0.184598657234547,0.263813918240426,-0.612139847948726,0.556931748403373,0.0427949405593372,0.442499094628029,0.023785995101713,0.827997515157536,0.0794574399697522,-0.128374844543439,0.0162210135950122,0.452548086353323,0.0723109828245845,-0.220196329718916,-0.0892882227761116,0.165850977341545,0.0828267104308119,0.240580923040731,0.140390816246319,0.746883011606038,-0.369106045690081,-0.188274753452739,0.394074372111619,0.469907786153952,0.281444849532068,0.0320221241758362,0.696622137225329,-0.395062280797888,0.179452262806059,0.122237345847301,0.394946721807366,0.451737306125251,-0.0978914645307146,0.616779531658849,0.223094282856813,-0.391498230051789,0.0785279431129148,-0.107067399600371,-0.0797008087114783,-0.0984366686318417,0.334053805077151,-0.0876740582202173,-0.179693572251258,0.019624117150433,0.0191113493582643,0.0226167285816123,-0.594509665568373,-0.339838610489934,0.423354377320632,-0.0567599607386952,-0.311223211225364,-0.233278821129526,0.261641467704453,-0.116326850575098,-0.111171978413941,0.669664026750314,-0.262576844894286,-0.0572855070224895,0.102705258298021,0.328375477779373,0.114892277508775,-0.0791854343957325,0.615769964731295,-0.0686264798605893,-0.296156983548724,0.159872494189344,-0.0772484391036699,-0.109970870053093,0.034946336605937,-0.024430099349044,-0.108541959799872,0.0328384947516815,-0.182947984767582,0.303589314427428,0.523662233402616,0.457007696100137,-0.264653375625759,0.178228926924916,-0.0208165771659431,0.189441243581676,0.432397261039534,-0.222812019307593,0.285948178643191,-0.0583458452867813,0.176553043062609,0.0951808775802681,-0.0265555910803501,-0.0239513080003111,0.296336885277473,0.367000496063613
0.0904532125156184,0.366082339885475,0.055556438891907,0.163152806446058,0.0294073481788439,-0.380067022988712,0.219961996727203,0.344955763592784,-0.0278650132506062,-0.246667167482659,0.351152016462503,0.10705233115876,-0.28659511065536,0.10731443721914,0.0291643835090676,0.012613571852823,0.190160460186271,-0.0223173254727446,0.262855350094703,0.0298342023390034,-0.236964548845466,0.138217843627729,-0.197672400662307,0.0270254286031555,0.349070969831391,0.259651140689162,0.246252110304004,0.172822082314085,0.0590636775687498,0.0159041068190051,0.146279437445652,0.604637271442848,-0.20673666046451,-0.339939088328618,0.135826347557513,0.379819191124896,-0.329924179470968,-0.0637867072992995,-0.00709511501938834,0.0357611852090338,0.26650522830384,0.0333553362375898,0.242863437928417,0.286104962403889,-0.167097251175007,0.557857602119907,0.454047448825898,-0.279304029873255,-0.11569881359159,-0.0594064012354026,-0.190239430751285,0.347170722228623,0.544788915340494,0.52264801127076,0.28735086709271,0.285719455416787,-0.123113688752664,0.175505477418333,0.213880443110296,0.256213048350193,-0.139871940208102,0.353099693280649,0.491340111821687,0.544012313248017,0.0916018853606416,0.113657642382645,0.0054985381521811,0.382665885515545,0.264652245415674,0.182576546202649,0.559400241480666,0.316679466878016,0.146860051261688,-0.353610031570797,0.701071834322294,-0.399655462756582,0.394647047524106,-0.029424428523842,0.146383382991126,0.043688456327064,0.510206136128675,0.278898517075907,0.137040183416485,0.150464144198914,-0.149871958874465,0.243896536160882,0.279266626232265,0.300659292690918,0.262030182535613,0.267274200075173,0.0719598674044214,0.419875893585334,0.407643853076354,-0.00223908850232634,0.0575690970039147,0.286253287967247,-0.133169633434005,0.742138039961843,0.409777864772742,0.0695246990634367,0.0278790805595749,0.102163453175156,0.231595510398061,-0.211638972185228,0.431084993745084,0.200139866252666,-0.033531014942285,0.255686140243326,0.2882417374451,-0.58437992841901,0.556264257733564,0.0256176835607403,0.504154687849338,0.0367373461585158,0.891557808629848,0.0663170177545786,-0.127824736534347,0.0413087685054957,0.463043765767484,0.0885681440279638,-0.215331350881942,-0.0772352107119491,0.205179848816047,0.131816687055808,0.261109284833926,0.142697114200164,0.767410027878909,-0.335541269904849,-0.141261745351747,0.391071658398523,0.538566816274904,0.302741234414681,0.0571164390125045,0.74051671816983,-0.368569926653708,0.193166062449782,0.104462153340539,0.41065420154463,0.500065158304719,-0.0270608595424644,0.630944436625408,0.208039576719911,-0.376268909913656,0.0955545449438397,-0.0824385127492029,-0.0257274330462611,-0.048999785587128,0.352799371148361,-0.0361461620821137,-0.1886181319677,0.0211394079036554,0.0103834913879466,0.0335033845512772,-0.580953834192322,-0.329005532293059,0.427008083947118,-0.0537995372938103,-0.314666848235776,-0.182814957816058,0.306128199632363,-0.10020958536216,-0.0993964909167046,0.696122284067875,-0.2816579545879,-0.042201043157079,0.119270854184218,0.343313789543432,0.140582076862756,-0.075337982487642,0.672373404101069,-0.0540858391768932,-0.29062169525012,0.180484230293451,-0.0721200096586199,-0.108172931254466,0.0348098203542516,0.0208144606701249,-0.100956685816295,0.0465542973299522,-0.137428137192934,0.318266780342043,0.559298497113567,0.507940858331888,-0.228153048879283,0.192242168902776,-0.0117442282710483,0.237736077777446,0.494356910668841,-0.174272158777866,0.322986403470367,-0.0280858882299347,0.165107550307862,0.131236921534738,-0.0159329472852044,0.0317932522092096,0.298620164186442,0.420551856845983
0.110052622635745,0.419294128929016,0.0679817018532555,0.214319949009261,0.00597449245112817,-0.358884537696248,0.253190025109092,0.381720447340487,0.0136909251505463,-0.193806140139177,0.375351363425115,0.109745631595394,-0.286830497387871,0.122738540337625,0.0540690840803387,0.0254145949116513,0.163689192955397,-0.0256067942580946,0.261699106959496,-0.0157236318713517,-0.234615902167917,0.160420821417068,-0.174052089612332,0.0391411096338057,0.441302080334076,0.278160873061765,0.262942007715525,0.232101492551281,0.125538367807947,-0.00640736781132644,0.146556127982806,0.645130892793255,-0.168185625972148,-0.358650213587805,0.166088196808798,0.437919306215823,-0.333620782019887,-0.02022224265633,-0.017023234968008,0.019432934519462,0.241500846708651,0.052071634842675,0.259015682296058,0.354724569727749,-0.136207863832083,0.563715120483378,0.461560034393315,-0.218691979082527,-0.0517708285513158,-0.0668380047744622,-0.202649641639938,0.393284575278384,0.572381686395471,0.59666729931119,0.321583377102278,0.341323850022545,-0.146112142741686,0.189074089519733,0.235907731762697,0.303551677729518,-0.119078425700468,0.402026767356155,0.544168877390759,0.58939676793052,0.110407449586226,0.154107711799398,0.0423773282214423,0.462578562523105,0.340964969155458,0.151316024696808,0.632726509346471,0.319757434434091,0.157792443879304,-0.311492641480733,0.71200146170095,-0.370399405624124,0.408888322851938,-0.0728860494894837,0.188602889949414,0.0589568919800755,0.547734734489438,0.322618620097831,0.156702049253924,0.214890717410961,-0.117664249501907,0.254962576599287,0.313546630019233,0.310092978751818,0.304165008592837,0.255485168276679,0.0690949674786129,0.428431076955939,0.443478848111194,0.0429633763067696,0.0837104140564306,0.281776354390545,-0.130988990495058,0.753565946466677,0.424672083905854,0.049011875568055,0.0345556962095153,0.114885239460883,0.290244611811213,-0.20078491649413,0.461934580789834,0.228116183009835,-0.0061293240424435,0.328534144082647,0.312766381843878,-0.555444187282009,0.553318480809356,0.00674405543750484,0.565226090432386,0.0506836582159258,0.955702914888568,0.0528953749341385,-0.126661802156349,0.0652077031227387,0.473654168580792,0.103531348782776,-0.210945751625223,-0.0650184500736379,0.243216173348006,0.181892291998629,0.280905921961359,0.145546815816633,0.786873735214392,-0.301432440949953,-0.0941592182623837,0.387888819819104,0.608887318379613,0.327514050516113,0.0815509022923699,0.78693924297968,-0.341765468909862,0.20698705062501,0.0871818525416762,0.425460945570089,0.54809971135427,0.0452211669726629,0.645512993455736,0.192067941786754,-0.361067987545779,0.114831562831422,-0.0570934384284085,0.0287209213969894,0.00150448619867435,0.373241022600031,0.0170520232840043,-0.195007865031163,0.0208150108788756,-0.000397482489592913,0.0440382516498442,-0.56773595613642,-0.317157878901654,0.430859616604693,-0.050842505218821,-0.316849851603277,-0.131070015419396,0.351189743119929,-0.0836768367329223,-0.0850971225056195,0.724965507076203,-0.302216189127117,-0.0286679844788875,0.136599606700414,0.358528360095052,0.167068108995323,-0.0717253767918344,0.728364835956567,-0.0374329372620627,-0.282596654946988,0.20208985255631,-0.0673683361443488,-0.106414635953493,0.0374688281178098,0.0663541513718067,-0.0920404469595523,0.0608734281011605,-0.0912388808428193,0.332290734606408,0.597299323046018,0.557788883511616,-0.19037871729257,0.205642991396668,-0.00361978836883765,0.285745731890452,0.557588875594227,-0.124507825896403,0.358209752887464,0.003232691471491,0.152429789388245,0.167840676520866,-0.00410473519725254,0.0877497608507549,0.301944248301121,0.475384180893889
0.130123153703646,0.47266067807612,0.081491211754269,0.267611270374377,-0.0173074162760299,-0.337471861620183,0.286556176558203,0.418725716699578,0.0569509298902653,-0.140544326159286,0.400088288933607,0.112905827333175,-0.287734739104977,0.137274658896778,0.079096458095665,0.0394729661020805,0.135646313638451,-0.0282798878832062,0.259890079729075,-0.062199927918593,-0.231280453887923,0.183179243045085,-0.149839578204059,0.052725820870825,0.535036176384958,0.296729027810998,0.278112951457707,0.291944457958992,0.192215494453262,-0.0303292851673099,0.145790340885787,0.686956137266919,-0.128157492551041,-0.37899668430733,0.196460086547354,0.49660099994904,-0.340306249141925,0.0226840973123787,-0.02730846531034,0.00443084201564304,0.216722042130241,0.0728034269566132,0.27430811252827,0.424410971307182,-0.106558022622506,0.569933509292416,0.467945536394514,-0.157646103765747,0.0125071614732001,-0.0729552288653052,-0.216021137450788,0.440388464156891,0.600235732577726,0.673767628624585,0.356205118836602,0.397386666477709,-0.167086364409908,0.202904376220141,0.257225153323281,0.352005385744954,-0.0969589450658986,0.45062902654862,0.598458996991172,0.634985068632585,0.127322771898564,0.19458209914809,0.0791554222186907,0.541363262585196,0.417930985021374,0.119903376871186,0.707228073017429,0.324121668093502,0.169364901866435,-0.26976654291718,0.723096149801452,-0.341286944512053,0.423126507575744,-0.117121053368487,0.231751766777818,0.0731860282236735,0.585867456606932,0.36661775478565,0.175744377480021,0.279935468747143,-0.0856020057270511,0.266393600646053,0.346616287554234,0.319034180443166,0.346476925583565,0.243915422971206,0.0697452419970059,0.438434067430654,0.478536678876022,0.0875620787324341,0.110579433837795,0.278618509321315,-0.128644191716944,0.764641062871513,0.439657936131282,0.0282636023539276,0.0420448053955468,0.127207726470194,0.350682180648163,-0.189834905410782,0.494933784775985,0.256489482809475,0.0211566456266224,0.402585008824922,0.337235510140709,-0.526267479416565,0.548775910084026,-0.0131736461799592,0.625957277657734,0.0653921726239181,1.02010983741445,0.0394188353295184,-0.124640801590495,0.0885302304220594,0.48482816398411,0.117447682990459,-0.206612425245274,-0.0529452261456936,0.279859864952549,0.232482752418246,0.300266558815612,0.148997260552289,0.805516776965363,-0.266858816784497,-0.0470656357732809,0.384647058004594,0.68038215192874,0.355116758332862,0.105459712865411,0.835425287380767,-0.314984765608571,0.220692226045663,0.0698856519724754,0.439362560283328,0.59563990703257,0.118385848644163,0.660941029047901,0.175312649118411,-0.346002849842754,0.135978967405288,-0.0312810692765665,0.0838733499819918,0.052300353403726,0.39515575063573,0.0716824915018374,-0.199736524741855,0.0196919986845124,-0.0122476255860944,0.0539461063763063,-0.55527973265132,-0.304884821141509,0.434923961449498,-0.0474702637646892,-0.318200426997745,-0.0785680686968776,0.396733988069521,-0.0669238594512751,-0.0690903812312776,0.755711952373691,-0.324011753228035,-0.0161319289582316,0.154478937183177,0.374104477061371,0.194270794643231,-0.067897423257173,0.783880450853223,-0.019446253205234,-0.272766386421943,0.224336464303159,-0.0630112599891308,-0.104124620391227,0.0427727649472719,0.112284603941394,-0.0818362197657175,0.0758967841258538,-0.0449141755136475,0.346263363177853,0.637171785185661,0.607136267061799,-0.151785140530942,0.218810120167875,0.00332518550593889,0.333390001358802,0.621658798533197,-0.0741600856603057,0.392402980080996,0.0355728737478407,0.138759142796759,0.204539987337342,0.0091408899497731,0.144197518306617,0.306444216240029,0.531102465485589
0.150560793667846,0.526283560251861,0.0960069416572908,0.321897305665902,-0.0406962102891246,-0.316004565772416,0.320028080366757,0.455806809524305,0.101079643625429,-0.0872969928198734,0.424972229527988,0.116334897359244,-0.289379789744726,0.151556409044836,0.103933284146885,0.0544579108603077,0.106834004827778,-0.0302973347612296,0.25753343730843,-0.108885132595579,-0.227554972856751,0.206556653963653,-0.125458478116788,0.067459795735879,0.629463057788796,0.31536667152126,0.292585650188025,0.352217599754573,0.258917708928156,-0.0549261593899989,0.144377840145052,0.729805441439055,-0.0872084491290262,-0.400516528406532,0.227053897669208,0.555829857179491,-0.34858827080539,0.0650394306889688,-0.0376574184537277,-0.00948684442157397,0.192159622343965,0.0949738487690541,0.289330907274265,0.494598299041992,-0.0775594361222421,0.576343759975365,0.473722582746022,-0.0963875218418701,0.0770129761309063,-0.0783848764483916,-0.230320035544283,0.488148786290473,0.628130509165679,0.752492299126121,0.391259627324785,0.453521119631939,-0.186913356042522,0.217024551939839,0.278138746239671,0.401105081763585,-0.0741350542604366,0.498879339740008,0.653580078312038,0.68057202332585,0.143234973154734,0.234858758903665,0.116109706011032,0.619244305159184,0.495313547812065,0.088373737471329,0.782465612720664,0.328959041302713,0.181257732342537,-0.228462163258392,0.734353914828325,-0.312452070869118,0.437545747952746,-0.16154640780974,0.275405061946886,0.0864919949318975,0.624420997224482,0.410462175239142,0.194317315665168,0.345289320287176,-0.0537483426203055,0.278180025604718,0.378697816751104,0.327810568118288,0.38869956968836,0.232542730303676,0.0727004017073639,0.4496453067315,0.513111477411684,0.131924511437329,0.137874339695088,0.276163012378154,-0.126130479792162,0.775611836068212,0.454810354776502,0.00752949031729231,0.0501168687374391,0.139090138246591,0.412102629476523,-0.178593813164558,0.529054344921043,0.28508262369946,0.0483809767373562,0.477226253605673,0.361465160313299,-0.497356753433746,0.543224697886232,-0.0336162815998336,0.686782031914676,0.0804645043133777,1.08450122460195,0.0260755931810446,-0.121795030529689,0.111549244271676,0.496519635021783,0.13088787434052,-0.202011526804987,-0.041177667271612,0.315449622280028,0.283077012279189,0.319414870095705,0.152823601147593,0.823737044655155,-0.232005644361638,2.02823945110697e-05,0.381467857855065,0.752621151345772,0.384395993464104,0.128980815167355,0.885151460863923,-0.288321372564502,0.234106682624635,0.0521999201654137,0.452487848760166,0.642794175711363,0.192014708636194,0.677285486755365,0.158044049656692,-0.33107757602972,0.158226329248606,-0.00535239495022256,0.139601276929644,0.102912673427495,0.41810657271523,0.127398490391108,-0.203758209788002,0.018412572022551,-0.024289930715251,0.0632690937465727,-0.543757305831825,-0.292504133182407,0.439095587561719,-0.0435969092179321,-0.319051078076657,-0.0256556970822393,0.442612088691539,-0.0500415008794647,-0.0521525675836508,0.787808219207897,-0.346632322954801,-0.0040279194873873,0.17272213322674,0.389969357022954,0.222003807752983,-0.0636223767039186,0.839086873292663,-0.000773111690950021,-0.261872315930627,0.246866021041215,-0.0588641147791617,-0.101184109324133,0.0499089423831343,0.158633633337672,-0.070785056242918,0.0916117416743418,0.00133263909932971,0.360507993537521,0.678227642038592,0.656280128049108,-0.112894356861738,0.23183706937238,0.00934679378179842,0.380817615755617,0.686089875169861,-0.0235894774800772,0.426255033064864,0.0687899618395768,0.124487822629959,0.241148927361541,0.0235063569448852,0.201187194268989,0.311783665985826,0.587354865082974
0.171187247999453,0.579997403716305,0.111088344278381,0.376414530766474,-0.064129881772841,-0.294565001827768,0.353513605559546,0.492895256953415,0.145490668885275,-0.0342176340027262,0.44987170758195,0.119869120827405,-0.291526646440601,0.165848241062989,0.128526816885842,0.0698365282738901,0.077828761476404,-0.0319658238747879,0.254930528384277,-0.155559190602973,-0.223732186031649,0.23019807357971,-0.101128808867862,0.0828427718076263,0.723962900778553,0.333976524660879,0.306935056494292,0.41264451338479,0.325636545827691,-0.0796117535363826,0.142727560758516,0.773143941503472,-0.0458205833802735,-0.422687239017732,0.25779960588727,0.615377630795861,-0.357466662771465,0.107063250937872,-0.0479833235764206,-0.0229240057238032,0.167688077336194,0.117849180027952,0.304384841069068,0.564933637206491,-0.0488634904214076,0.582793984056911,0.47934016620071,-0.0350717148626049,0.141637910459096,-0.0836363436390181,-0.24509037247976,0.536142404241998,0.655840462381847,0.831746899715771,0.426633336454546,0.509469032116868,-0.206216678710772,0.231267551050329,0.298893519247663,0.450429382295791,-0.0509758980539547,0.546910235231257,0.709053950530596,0.726151855060495,0.158827747822074,0.274841405859834,0.153254030990522,0.696634801400438,0.572885069336634,0.0567477527731133,0.857958456941179,0.33384050314301,0.193237820060279,-0.187436146441842,0.745790652698916,-0.283843461312567,0.452066063800394,-0.205838160505735,0.319238042485374,0.0992315285888605,0.663108446577435,0.454132594039451,0.212648765809916,0.410686567688452,-0.0221103297723763,0.29004167540992,0.410206438826221,0.336484754212846,0.430791573528758,0.221317679746771,0.076687934057701,0.461459558498283,0.547450396873558,0.176220176513071,0.165305362246896,0.273952057922999,-0.123587611236156,0.786527808185391,0.470132797372946,-0.0130815942018561,0.0585355645342198,0.150639066736975,0.473884951714175,-0.16707569573415,0.563563536538574,0.313736591113249,0.075523470172381,0.552027991690876,0.38544459854312,-0.468755238929836,0.537186779536408,-0.0542439195914072,0.747760374156773,0.0955710867849102,1.14878813080111,0.0128315352051257,-0.118408127615983,0.13440088300029,0.508404407484284,0.144177813548457,-0.197152788555557,-0.0296606553349042,0.3505649939175,0.333500839798551,0.338452681924647,0.156805687851012,0.841837361131551,-0.197035770495843,0.0471043569683533,0.378332404099628,0.825220274755651,0.414310526990192,0.152309207964549,0.935327542669166,-0.26174374164985,0.247279276485556,0.0342618298032179,0.465132768396219,0.689791665226214,0.2658899653077,0.694155397567532,0.140546024759453,-0.316207234144117,0.180903177969884,0.0205208636711697,0.195585345303455,0.153259465666397,0.441597514323114,0.183676272892636,-0.207561025805438,0.0172351699976764,-0.0361839664279143,0.0722990028932001,-0.532913929042024,-0.28014169143191,0.443217436526315,-0.0394152356443513,-0.319686349035306,0.0274623814427881,0.488672121117019,-0.0330954058040472,-0.0348443685132332,0.820579847227719,-0.369622195428306,0.00797645573806757,0.191142872489022,0.405967997088991,0.249984262138926,-0.0589225563294003,0.894093887141738,0.0181227956725162,-0.250540293832299,0.269453616178698,-0.0547383263278031,-0.0977643529369817,0.0579013680467795,0.205245068647364,-0.0593589695723969,0.107734858398204,0.0475379541517259,0.374929371011282,0.719800462337205,0.705337794380019,-0.0739830883111967,0.244733984671958,0.0149498395622984,0.428167955282347,0.750611955307257,0.0270482480598661,0.460053751692784,0.102516683390472,0.109988734157996,0.277697061256587,0.0385065222549033,0.258483101102343,0.317441032016112,0.643858803021136
